  5500000000000001   1000000000000000   0000000221000010   0000000222000010 
  5500000000000002   1000000000000000   0000000221000010   0000000222010010 
  5500000000000003   1000000000000000   0000000222000010   0000000222000020 
  5500000000000004   1000000000000000   0000000222000020   0000000222000030 
  5500000000000005   1000000000000000   0000000222000030   0000000222000040 
  5500000000000006   1000000000000000   0000000222000030   0000000222000050 
  5500000000000007   1000000000000000   0000000222000030   0000000222000060 
  5500000000000008   1000000000000000   0000000222000060   0000000222000070 
  5500000000000009   1000000000000000   0000000222000070   0000000222000080 
  5500000000000010   1000000000000000   0000000222000080   0000000222000090 
  5500000000000011   1000000000000000   0000000222000090   0000000222000100 
  5500000000000012   1000000000000000   0000000222000100   0000000222000110 
  5500000000000013   1000000000000000   0000000222000110   0000000222000120 
  5500000000000014   1000000000000000   0000000222000110   0000000222000130 
  5500000000000015   1000000000000000   0000000222000120   0000000222000140 
  5500000000000016   1000000000000000   0000000222000130   0000000222000150 
  5500000000000017   1000000000000000   0000000222000140   0000000222000150 
  5500000000000018   1000000000000000   0000000222000150   0000000222000160 
  5500000000000019   1000000000000000   0000000222000160   0000000222000170 
  5500000000000020   1000000000000000   0000000222000160   0000000222000180 
  5500000000000021   1000000000000000   0000000222000160   0000000222000190 
  5500000000000022   1000000000000000   0000000222000160   0000000222000200 
  5500000000000023   1000000000000000   0000000222000170   0000000222000210 
  5500000000000024   1000000000000000   0000000222000180   0000000222000220 
  5500000000000025   1000000000000000   0000000222000190   0000000222000220 
  5500000000000026   1000000000000000   0000000222000200   0000000222000230 
  5500000000000027   1000000000000000   0000000222000210   0000000222000240 
  5500000000000028   1000000000000000   0000000222000220   0000000222000240 
  5500000000000029   1000000000000000   0000000222000230   0000000222000240 
  5500000000000030   1000000000000000   0000000222000240   0000000222000250 
  5500000000000031   1000000000000000   0000000222000240   0000000222000260 
  5500000000000032   1000000000000000   0000000222000250   0000000222000270 
  5500000000000033   1000000000000000   0000000222000260   0000000222000280 
  5500000000000034   1000000000000000   0000000222000260   0000000222000290 
  5500000000000035   1000000000000000   0000000222000270   0000000222000280 
  5500000000000036   1000000000000000   0000000222000280   0000000222000300 
  5500000000000037   1000000000000000   0000000222000290   0000000222000280 
  5500000000000038   1000000000000000   0000000222000300   0000000231000000 
  5500000000000039   1000000000000000   0000000222010010   0000000222010020 
  5500000000000040   1000000000000000   0000000222010020   0000000222010030 
  5500000000000041   1000000000000000   0000000222010030   0000000222010040 
  5500000000000042   1000000000000000   0000000222010030   0000000222010050 
  5500000000000043   1000000000000000   0000000222010030   0000000222010060 
  5500000000000044   1000000000000000   0000000222010060   0000000222010070 
  5500000000000045   1000000000000000   0000000222010070   0000000222010080 
  5500000000000046   1000000000000000   0000000222010080   0000000222010090 
  5500000000000047   1000000000000000   0000000222010090   0000000222010100 
  5500000000000048   1000000000000000   0000000222010100   0000000222010110 
  5500000000000049   1000000000000000   0000000222010110   0000000222010120 
  5500000000000050   1000000000000000   0000000222010110   0000000222010130 
  5500000000000051   1000000000000000   0000000222010120   0000000222010140 
  5500000000000052   1000000000000000   0000000222010130   0000000222010150 
  5500000000000053   1000000000000000   0000000222010140   0000000222010150 
  5500000000000054   1000000000000000   0000000222010150   0000000222010160 
  5500000000000055   1000000000000000   0000000222010160   0000000222010170 
  5500000000000056   1000000000000000   0000000222010160   0000000222010180 
  5500000000000057   1000000000000000   0000000222010160   0000000222010190 
  5500000000000058   1000000000000000   0000000222010160   0000000222010200 
  5500000000000059   1000000000000000   0000000222010170   0000000222010210 
  5500000000000060   1000000000000000   0000000222010180   0000000222010220 
  5500000000000061   1000000000000000   0000000222010190   0000000222010220 
  5500000000000062   1000000000000000   0000000222010200   0000000222010230 
  5500000000000063   1000000000000000   0000000222010210   0000000222010240 
  5500000000000064   1000000000000000   0000000222010220   0000000222010240 
  5500000000000065   1000000000000000   0000000222010230   0000000222010240 
  5500000000000066   1000000000000000   0000000222010240   0000000222010250 
  5500000000000067   1000000000000000   0000000222010240   0000000222010260 
  5500000000000068   1000000000000000   0000000222010250   0000000222010270 
  5500000000000069   1000000000000000   0000000222010260   0000000222010280 
  5500000000000070   1000000000000000   0000000222010260   0000000222010290 
  5500000000000071   1000000000000000   0000000222010270   0000000222010280 
  5500000000000072   1000000000000000   0000000222010280   0000000222010300 
  5500000000000073   1000000000000000   0000000222010290   0000000222010280 
  5500000000000074   1000000000000000   0000000222010300   0000000231000000 
  5500000000000075   1000000000000000   0000000222020010   0000000222020020 
  5500000000000076   1000000000000000   0000000222020020   0000000222020030 
  5500000000000077   1000000000000000   0000000222020030   0000000222020040 
  5500000000000078   1000000000000000   0000000222020030   0000000222020050 
  5500000000000079   1000000000000000   0000000222020030   0000000222020060 
  5500000000000080   1000000000000000   0000000222020060   0000000222020070 
  5500000000000081   1000000000000000   0000000222020070   0000000222020080 
  5500000000000082   1000000000000000   0000000222020080   0000000222020090 
  5500000000000083   1000000000000000   0000000222020090   0000000222020100 
  5500000000000084   1000000000000000   0000000222020100   0000000222020110 
  5500000000000085   1000000000000000   0000000222020110   0000000222020120 
  5500000000000086   1000000000000000   0000000222020110   0000000222020130 
  5500000000000087   1000000000000000   0000000222020120   0000000222020140 
  5500000000000088   1000000000000000   0000000222020130   0000000222020150 
  5500000000000089   1000000000000000   0000000222020140   0000000222020150 
  5500000000000090   1000000000000000   0000000222020150   0000000222020160 
  5500000000000091   1000000000000000   0000000222020160   0000000222020170 
  5500000000000092   1000000000000000   0000000222020160   0000000222020180 
  5500000000000093   1000000000000000   0000000222020160   0000000222020190 
  5500000000000094   1000000000000000   0000000222020160   0000000222020200 
  5500000000000095   1000000000000000   0000000222020170   0000000222020210 
  5500000000000096   1000000000000000   0000000222020180   0000000222020220 
  5500000000000097   1000000000000000   0000000222020190   0000000222020220 
  5500000000000098   1000000000000000   0000000222020200   0000000222020230 
  5500000000000099   1000000000000000   0000000222020210   0000000222020240 
  5500000000000100   1000000000000000   0000000222020220   0000000222020240 
  5500000000000101   1000000000000000   0000000222020230   0000000222020240 
  5500000000000102   1000000000000000   0000000222020240   0000000222020250 
  5500000000000103   1000000000000000   0000000222020240   0000000222020260 
  5500000000000104   1000000000000000   0000000222020250   0000000222020270 
  5500000000000105   1000000000000000   0000000222020260   0000000222020280 
  5500000000000106   1000000000000000   0000000222020260   0000000222020290 
  5500000000000107   1000000000000000   0000000222020270   0000000222020280 
  5500000000000108   1000000000000000   0000000222020280   0000000222020300 
  5500000000000109   1000000000000000   0000000222020290   0000000222020280 
  5500000000000110   1000000000000000   0000000222020300   0000000231000000 
  5500000000000111   1000000000000000   0000000222030010   0000000222030020 
  5500000000000112   1000000000000000   0000000222030020   0000000222030030 
  5500000000000113   1000000000000000   0000000222030030   0000000222030040 
  5500000000000114   1000000000000000   0000000222030030   0000000222030050 
  5500000000000115   1000000000000000   0000000222030030   0000000222030060 
  5500000000000116   1000000000000000   0000000222030060   0000000222030070 
  5500000000000117   1000000000000000   0000000222030070   0000000222030080 
  5500000000000118   1000000000000000   0000000222030080   0000000222030090 
  5500000000000119   1000000000000000   0000000222030090   0000000222030100 
  5500000000000120   1000000000000000   0000000222030100   0000000222030110 
  5500000000000121   1000000000000000   0000000222030110   0000000222030120 
  5500000000000122   1000000000000000   0000000222030110   0000000222030130 
  5500000000000123   1000000000000000   0000000222030120   0000000222030140 
  5500000000000124   1000000000000000   0000000222030130   0000000222030150 
  5500000000000125   1000000000000000   0000000222030140   0000000222030150 
  5500000000000126   1000000000000000   0000000222030150   0000000222030160 
  5500000000000127   1000000000000000   0000000222030160   0000000222030170 
  5500000000000128   1000000000000000   0000000222030160   0000000222030180 
  5500000000000129   1000000000000000   0000000222030160   0000000222030190 
  5500000000000130   1000000000000000   0000000222030160   0000000222030200 
  5500000000000131   1000000000000000   0000000222030170   0000000222030210 
  5500000000000132   1000000000000000   0000000222030180   0000000222030220 
  5500000000000133   1000000000000000   0000000222030190   0000000222030220 
  5500000000000134   1000000000000000   0000000222030200   0000000222030230 
  5500000000000135   1000000000000000   0000000222030210   0000000222030240 
  5500000000000136   1000000000000000   0000000222030220   0000000222030240 
  5500000000000137   1000000000000000   0000000222030230   0000000222030240 
  5500000000000138   1000000000000000   0000000222030240   0000000222030250 
  5500000000000139   1000000000000000   0000000222030240   0000000222030260 
  5500000000000140   1000000000000000   0000000222030250   0000000222030270 
  5500000000000141   1000000000000000   0000000222030260   0000000222030280 
  5500000000000142   1000000000000000   0000000222030260   0000000222030290 
  5500000000000143   1000000000000000   0000000222030270   0000000222030280 
  5500000000000144   1000000000000000   0000000222030280   0000000222030300 
  5500000000000145   1000000000000000   0000000222030290   0000000222030280 
  5500000000000146   1000000000000000   0000000222030300   0000000231000000 
