  5500000000000001   1000000000000000   0000000221000010   0000000222000010 
  5500000000000002   1000000000000000   0000000221000010   0000000222010010 
  6600000000000003   1000000221000010   0000000222000010   1000000000000000 
  5500000000000004   1000000000000000   0000000222000010   0000000222000020 
  6600000000000005   1000000222000010   0000000222000020   1000000000000000 
  5500000000000006   1000000000000000   0000000222000020   0000000222000030 
  6600000000000007   1000000222000020   0000000222000030   1000000000000000 
  5500000000000008   1000000000000000   0000000222000030   0000000222000040 
  5500000000000009   1000000000000000   0000000222000030   0000000222000050 
  5500000000000010   1000000000000000   0000000222000030   0000000222000060 
  6600000000000011   1000000222000030   0000000222000040   1000000000000000 
  6600000000000012   1000000222000030   0000000222000050   1000000000000000 
  6600000000000013   1000000222000030   0000000222000060   1000000000000000 
  5500000000000014   1000000000000000   0000000222000060   0000000222000070 
  6600000000000015   1000000222000060   0000000222000070   1000000000000000 
  5500000000000016   1000000000000000   0000000222000070   0000000222000080 
  6600000000000017   1000000222000070   0000000222000080   1000000000000000 
  5500000000000018   1000000000000000   0000000222000080   0000000222000090 
  6600000000000019   1000000222000080   0000000222000090   1000000000000000 
  5500000000000020   1000000000000000   0000000222000090   0000000222000100 
  6600000000000021   1000000222000090   0000000222000100   1000000000000000 
  5500000000000022   1000000000000000   0000000222000100   0000000222000110 
  6600000000000023   1000000222000100   0000000222000110   1000000000000000 
  5500000000000024   1000000000000000   0000000222000110   0000000222000120 
  5500000000000025   1000000000000000   0000000222000110   0000000222000130 
  6600000000000026   1000000222000110   0000000222000120   1000000000000000 
  5500000000000027   1000000000000000   0000000222000120   0000000222000140 
  6600000000000028   1000000222000110   0000000222000130   1000000000000000 
  5500000000000029   1000000000000000   0000000222000130   0000000222000150 
  6600000000000030   1000000222000120   0000000222000140   1000000000000000 
  5500000000000031   1000000000000000   0000000222000140   0000000222000150 
  6600000000000032   1000000222000140   0000000222000150   1000000000000000 
  6600000000000033   1000000222000130   0000000222000150   1000000000000000 
  5500000000000034   1000000000000000   0000000222000150   0000000222000160 
  6600000000000035   1000000222000150   0000000222000160   1000000000000000 
  5500000000000036   1000000000000000   0000000222000160   0000000222000170 
  5500000000000037   1000000000000000   0000000222000160   0000000222000180 
  5500000000000038   1000000000000000   0000000222000160   0000000222000190 
  5500000000000039   1000000000000000   0000000222000160   0000000222000200 
  6600000000000040   1000000222000160   0000000222000170   1000000000000000 
  5500000000000041   1000000000000000   0000000222000170   0000000222000210 
  6600000000000042   1000000222000160   0000000222000180   1000000000000000 
  5500000000000043   1000000000000000   0000000222000180   0000000222000220 
  6600000000000044   1000000222000160   0000000222000190   1000000000000000 
  5500000000000045   1000000000000000   0000000222000190   0000000222000220 
  6600000000000046   1000000222000160   0000000222000200   1000000000000000 
  5500000000000047   1000000000000000   0000000222000200   0000000222000230 
  6600000000000048   1000000222000170   0000000222000210   1000000000000000 
  5500000000000049   1000000000000000   0000000222000210   0000000222000240 
  6600000000000050   1000000222000180   0000000222000220   1000000000000000 
  6600000000000051   1000000222000190   0000000222000220   1000000000000000 
  5500000000000052   1000000000000000   0000000222000220   0000000222000240 
  6600000000000053   1000000222000200   0000000222000230   1000000000000000 
  5500000000000054   1000000000000000   0000000222000230   0000000222000240 
  6600000000000055   1000000222000210   0000000222000240   1000000000000000 
  6600000000000056   1000000222000220   0000000222000240   1000000000000000 
  6600000000000057   1000000222000230   0000000222000240   1000000000000000 
  5500000000000058   1000000000000000   0000000222000240   0000000222000250 
  5500000000000059   1000000000000000   0000000222000240   0000000222000260 
  6600000000000060   1000000222000240   0000000222000250   1000000000000000 
  5500000000000061   1000000000000000   0000000222000250   0000000222000270 
  6600000000000062   1000000222000240   0000000222000260   1000000000000000 
  5500000000000063   1000000000000000   0000000222000260   0000000222000280 
  5500000000000064   1000000000000000   0000000222000260   0000000222000290 
  6600000000000065   1000000222000250   0000000222000270   1000000000000000 
  5500000000000066   1000000000000000   0000000222000270   0000000222000280 
  6600000000000067   1000000222000270   0000000222000280   1000000000000000 
  6600000000000068   1000000222000260   0000000222000280   1000000000000000 
  6600000000000069   1000000222000290   0000000222000280   1000000000000000 
  5500000000000070   1000000000000000   0000000222000280   0000000222000300 
  6600000000000071   1000000222000260   0000000222000290   1000000000000000 
  5500000000000072   1000000000000000   0000000222000290   0000000222000280 
  6600000000000073   1000000222000280   0000000222000300   1000000000000000 
  5500000000000074   1000000000000000   0000000222000300   0000000231000000 
  6600000000000075   1000000221000010   0000000222010010   1000000000000000 
  5500000000000076   1000000000000000   0000000222010010   0000000222010020 
  6600000000000077   1000000222010010   0000000222010020   1000000000000000 
  5500000000000078   1000000000000000   0000000222010020   0000000222010030 
  6600000000000079   1000000222010020   0000000222010030   1000000000000000 
  5500000000000080   1000000000000000   0000000222010030   0000000222010040 
  5500000000000081   1000000000000000   0000000222010030   0000000222010050 
  5500000000000082   1000000000000000   0000000222010030   0000000222010060 
  6600000000000083   1000000222010030   0000000222010040   1000000000000000 
  6600000000000084   1000000222010030   0000000222010050   1000000000000000 
  6600000000000085   1000000222010030   0000000222010060   1000000000000000 
  5500000000000086   1000000000000000   0000000222010060   0000000222010070 
  6600000000000087   1000000222010060   0000000222010070   1000000000000000 
  5500000000000088   1000000000000000   0000000222010070   0000000222010080 
  6600000000000089   1000000222010070   0000000222010080   1000000000000000 
  5500000000000090   1000000000000000   0000000222010080   0000000222010090 
  6600000000000091   1000000222010080   0000000222010090   1000000000000000 
  5500000000000092   1000000000000000   0000000222010090   0000000222010100 
  6600000000000093   1000000222010090   0000000222010100   1000000000000000 
  5500000000000094   1000000000000000   0000000222010100   0000000222010110 
  6600000000000095   1000000222010100   0000000222010110   1000000000000000 
  5500000000000096   1000000000000000   0000000222010110   0000000222010120 
  5500000000000097   1000000000000000   0000000222010110   0000000222010130 
  6600000000000098   1000000222010110   0000000222010120   1000000000000000 
  5500000000000099   1000000000000000   0000000222010120   0000000222010140 
  6600000000000100   1000000222010110   0000000222010130   1000000000000000 
  5500000000000101   1000000000000000   0000000222010130   0000000222010150 
  6600000000000102   1000000222010120   0000000222010140   1000000000000000 
  5500000000000103   1000000000000000   0000000222010140   0000000222010150 
  6600000000000104   1000000222010140   0000000222010150   1000000000000000 
  6600000000000105   1000000222010130   0000000222010150   1000000000000000 
  5500000000000106   1000000000000000   0000000222010150   0000000222010160 
  6600000000000107   1000000222010150   0000000222010160   1000000000000000 
  5500000000000108   1000000000000000   0000000222010160   0000000222010170 
  5500000000000109   1000000000000000   0000000222010160   0000000222010180 
  5500000000000110   1000000000000000   0000000222010160   0000000222010190 
  5500000000000111   1000000000000000   0000000222010160   0000000222010200 
  6600000000000112   1000000222010160   0000000222010170   1000000000000000 
  5500000000000113   1000000000000000   0000000222010170   0000000222010210 
  6600000000000114   1000000222010160   0000000222010180   1000000000000000 
  5500000000000115   1000000000000000   0000000222010180   0000000222010220 
  6600000000000116   1000000222010160   0000000222010190   1000000000000000 
  5500000000000117   1000000000000000   0000000222010190   0000000222010220 
  6600000000000118   1000000222010160   0000000222010200   1000000000000000 
  5500000000000119   1000000000000000   0000000222010200   0000000222010230 
  6600000000000120   1000000222010170   0000000222010210   1000000000000000 
  5500000000000121   1000000000000000   0000000222010210   0000000222010240 
  6600000000000122   1000000222010180   0000000222010220   1000000000000000 
  6600000000000123   1000000222010190   0000000222010220   1000000000000000 
  5500000000000124   1000000000000000   0000000222010220   0000000222010240 
  6600000000000125   1000000222010200   0000000222010230   1000000000000000 
  5500000000000126   1000000000000000   0000000222010230   0000000222010240 
  6600000000000127   1000000222010210   0000000222010240   1000000000000000 
  6600000000000128   1000000222010220   0000000222010240   1000000000000000 
  6600000000000129   1000000222010230   0000000222010240   1000000000000000 
  5500000000000130   1000000000000000   0000000222010240   0000000222010250 
  5500000000000131   1000000000000000   0000000222010240   0000000222010260 
  6600000000000132   1000000222010240   0000000222010250   1000000000000000 
  5500000000000133   1000000000000000   0000000222010250   0000000222010270 
  6600000000000134   1000000222010240   0000000222010260   1000000000000000 
  5500000000000135   1000000000000000   0000000222010260   0000000222010280 
  5500000000000136   1000000000000000   0000000222010260   0000000222010290 
  6600000000000137   1000000222010250   0000000222010270   1000000000000000 
  5500000000000138   1000000000000000   0000000222010270   0000000222010280 
  6600000000000139   1000000222010270   0000000222010280   1000000000000000 
  6600000000000140   1000000222010260   0000000222010280   1000000000000000 
  6600000000000141   1000000222010290   0000000222010280   1000000000000000 
  5500000000000142   1000000000000000   0000000222010280   0000000222010300 
  6600000000000143   1000000222010260   0000000222010290   1000000000000000 
  5500000000000144   1000000000000000   0000000222010290   0000000222010280 
  6600000000000145   1000000222010280   0000000222010300   1000000000000000 
  5500000000000146   1000000000000000   0000000222010300   0000000231000000 
  5500000000000147   1000000000000000   0000000222020010   0000000222020020 
  6600000000000148   1000000222020010   0000000222020020   1000000000000000 
  5500000000000149   1000000000000000   0000000222020020   0000000222020030 
  6600000000000150   1000000222020020   0000000222020030   1000000000000000 
  5500000000000151   1000000000000000   0000000222020030   0000000222020040 
  5500000000000152   1000000000000000   0000000222020030   0000000222020050 
  5500000000000153   1000000000000000   0000000222020030   0000000222020060 
  6600000000000154   1000000222020030   0000000222020040   1000000000000000 
  6600000000000155   1000000222020030   0000000222020050   1000000000000000 
  6600000000000156   1000000222020030   0000000222020060   1000000000000000 
  5500000000000157   1000000000000000   0000000222020060   0000000222020070 
  6600000000000158   1000000222020060   0000000222020070   1000000000000000 
  5500000000000159   1000000000000000   0000000222020070   0000000222020080 
  6600000000000160   1000000222020070   0000000222020080   1000000000000000 
  5500000000000161   1000000000000000   0000000222020080   0000000222020090 
  6600000000000162   1000000222020080   0000000222020090   1000000000000000 
  5500000000000163   1000000000000000   0000000222020090   0000000222020100 
  6600000000000164   1000000222020090   0000000222020100   1000000000000000 
  5500000000000165   1000000000000000   0000000222020100   0000000222020110 
  6600000000000166   1000000222020100   0000000222020110   1000000000000000 
  5500000000000167   1000000000000000   0000000222020110   0000000222020120 
  5500000000000168   1000000000000000   0000000222020110   0000000222020130 
  6600000000000169   1000000222020110   0000000222020120   1000000000000000 
  5500000000000170   1000000000000000   0000000222020120   0000000222020140 
  6600000000000171   1000000222020110   0000000222020130   1000000000000000 
  5500000000000172   1000000000000000   0000000222020130   0000000222020150 
  6600000000000173   1000000222020120   0000000222020140   1000000000000000 
  5500000000000174   1000000000000000   0000000222020140   0000000222020150 
  6600000000000175   1000000222020140   0000000222020150   1000000000000000 
  6600000000000176   1000000222020130   0000000222020150   1000000000000000 
  5500000000000177   1000000000000000   0000000222020150   0000000222020160 
  6600000000000178   1000000222020150   0000000222020160   1000000000000000 
  5500000000000179   1000000000000000   0000000222020160   0000000222020170 
  5500000000000180   1000000000000000   0000000222020160   0000000222020180 
  5500000000000181   1000000000000000   0000000222020160   0000000222020190 
  5500000000000182   1000000000000000   0000000222020160   0000000222020200 
  6600000000000183   1000000222020160   0000000222020170   1000000000000000 
  5500000000000184   1000000000000000   0000000222020170   0000000222020210 
  6600000000000185   1000000222020160   0000000222020180   1000000000000000 
  5500000000000186   1000000000000000   0000000222020180   0000000222020220 
  6600000000000187   1000000222020160   0000000222020190   1000000000000000 
  5500000000000188   1000000000000000   0000000222020190   0000000222020220 
  6600000000000189   1000000222020160   0000000222020200   1000000000000000 
  5500000000000190   1000000000000000   0000000222020200   0000000222020230 
  6600000000000191   1000000222020170   0000000222020210   1000000000000000 
  5500000000000192   1000000000000000   0000000222020210   0000000222020240 
  6600000000000193   1000000222020180   0000000222020220   1000000000000000 
  6600000000000194   1000000222020190   0000000222020220   1000000000000000 
  5500000000000195   1000000000000000   0000000222020220   0000000222020240 
  6600000000000196   1000000222020200   0000000222020230   1000000000000000 
  5500000000000197   1000000000000000   0000000222020230   0000000222020240 
  6600000000000198   1000000222020210   0000000222020240   1000000000000000 
  6600000000000199   1000000222020220   0000000222020240   1000000000000000 
  6600000000000200   1000000222020230   0000000222020240   1000000000000000 
  5500000000000201   1000000000000000   0000000222020240   0000000222020250 
  5500000000000202   1000000000000000   0000000222020240   0000000222020260 
  6600000000000203   1000000222020240   0000000222020250   1000000000000000 
  5500000000000204   1000000000000000   0000000222020250   0000000222020270 
  6600000000000205   1000000222020240   0000000222020260   1000000000000000 
  5500000000000206   1000000000000000   0000000222020260   0000000222020280 
  5500000000000207   1000000000000000   0000000222020260   0000000222020290 
  6600000000000208   1000000222020250   0000000222020270   1000000000000000 
  5500000000000209   1000000000000000   0000000222020270   0000000222020280 
  6600000000000210   1000000222020270   0000000222020280   1000000000000000 
  6600000000000211   1000000222020260   0000000222020280   1000000000000000 
  6600000000000212   1000000222020290   0000000222020280   1000000000000000 
  5500000000000213   1000000000000000   0000000222020280   0000000222020300 
  6600000000000214   1000000222020260   0000000222020290   1000000000000000 
  5500000000000215   1000000000000000   0000000222020290   0000000222020280 
  6600000000000216   1000000222020280   0000000222020300   1000000000000000 
  5500000000000217   1000000000000000   0000000222020300   0000000231000000 
  5500000000000218   1000000000000000   0000000222030010   0000000222030020 
  6600000000000219   1000000222030010   0000000222030020   1000000000000000 
  5500000000000220   1000000000000000   0000000222030020   0000000222030030 
  6600000000000221   1000000222030020   0000000222030030   1000000000000000 
  5500000000000222   1000000000000000   0000000222030030   0000000222030040 
  5500000000000223   1000000000000000   0000000222030030   0000000222030050 
  5500000000000224   1000000000000000   0000000222030030   0000000222030060 
  6600000000000225   1000000222030030   0000000222030040   1000000000000000 
  6600000000000226   1000000222030030   0000000222030050   1000000000000000 
  6600000000000227   1000000222030030   0000000222030060   1000000000000000 
  5500000000000228   1000000000000000   0000000222030060   0000000222030070 
  6600000000000229   1000000222030060   0000000222030070   1000000000000000 
  5500000000000230   1000000000000000   0000000222030070   0000000222030080 
  6600000000000231   1000000222030070   0000000222030080   1000000000000000 
  5500000000000232   1000000000000000   0000000222030080   0000000222030090 
  6600000000000233   1000000222030080   0000000222030090   1000000000000000 
  5500000000000234   1000000000000000   0000000222030090   0000000222030100 
  6600000000000235   1000000222030090   0000000222030100   1000000000000000 
  5500000000000236   1000000000000000   0000000222030100   0000000222030110 
  6600000000000237   1000000222030100   0000000222030110   1000000000000000 
  5500000000000238   1000000000000000   0000000222030110   0000000222030120 
  5500000000000239   1000000000000000   0000000222030110   0000000222030130 
  6600000000000240   1000000222030110   0000000222030120   1000000000000000 
  5500000000000241   1000000000000000   0000000222030120   0000000222030140 
  6600000000000242   1000000222030110   0000000222030130   1000000000000000 
  5500000000000243   1000000000000000   0000000222030130   0000000222030150 
  6600000000000244   1000000222030120   0000000222030140   1000000000000000 
  5500000000000245   1000000000000000   0000000222030140   0000000222030150 
  6600000000000246   1000000222030140   0000000222030150   1000000000000000 
  6600000000000247   1000000222030130   0000000222030150   1000000000000000 
  5500000000000248   1000000000000000   0000000222030150   0000000222030160 
  6600000000000249   1000000222030150   0000000222030160   1000000000000000 
  5500000000000250   1000000000000000   0000000222030160   0000000222030170 
  5500000000000251   1000000000000000   0000000222030160   0000000222030180 
  5500000000000252   1000000000000000   0000000222030160   0000000222030190 
  5500000000000253   1000000000000000   0000000222030160   0000000222030200 
  6600000000000254   1000000222030160   0000000222030170   1000000000000000 
  5500000000000255   1000000000000000   0000000222030170   0000000222030210 
  6600000000000256   1000000222030160   0000000222030180   1000000000000000 
  5500000000000257   1000000000000000   0000000222030180   0000000222030220 
  6600000000000258   1000000222030160   0000000222030190   1000000000000000 
  5500000000000259   1000000000000000   0000000222030190   0000000222030220 
  6600000000000260   1000000222030160   0000000222030200   1000000000000000 
  5500000000000261   1000000000000000   0000000222030200   0000000222030230 
  6600000000000262   1000000222030170   0000000222030210   1000000000000000 
  5500000000000263   1000000000000000   0000000222030210   0000000222030240 
  6600000000000264   1000000222030180   0000000222030220   1000000000000000 
  6600000000000265   1000000222030190   0000000222030220   1000000000000000 
  5500000000000266   1000000000000000   0000000222030220   0000000222030240 
  6600000000000267   1000000222030200   0000000222030230   1000000000000000 
  5500000000000268   1000000000000000   0000000222030230   0000000222030240 
  6600000000000269   1000000222030210   0000000222030240   1000000000000000 
  6600000000000270   1000000222030220   0000000222030240   1000000000000000 
  6600000000000271   1000000222030230   0000000222030240   1000000000000000 
  5500000000000272   1000000000000000   0000000222030240   0000000222030250 
  5500000000000273   1000000000000000   0000000222030240   0000000222030260 
  6600000000000274   1000000222030240   0000000222030250   1000000000000000 
  5500000000000275   1000000000000000   0000000222030250   0000000222030270 
  6600000000000276   1000000222030240   0000000222030260   1000000000000000 
  5500000000000277   1000000000000000   0000000222030260   0000000222030280 
  5500000000000278   1000000000000000   0000000222030260   0000000222030290 
  6600000000000279   1000000222030250   0000000222030270   1000000000000000 
  5500000000000280   1000000000000000   0000000222030270   0000000222030280 
  6600000000000281   1000000222030270   0000000222030280   1000000000000000 
  6600000000000282   1000000222030260   0000000222030280   1000000000000000 
  6600000000000283   1000000222030290   0000000222030280   1000000000000000 
  5500000000000284   1000000000000000   0000000222030280   0000000222030300 
  6600000000000285   1000000222030260   0000000222030290   1000000000000000 
  5500000000000286   1000000000000000   0000000222030290   0000000222030280 
  6600000000000287   1000000222030280   0000000222030300   1000000000000000 
  5500000000000288   1000000000000000   0000000222030300   0000000231000000 
  6600000000000289   1000000222000300   0000000231000000   1000000000000000 
  6600000000000290   1000000222010300   0000000231000000   1000000000000000 
  6600000000000291   1000000222020300   0000000231000000   1000000000000000 
  6600000000000292   1000000222030300   0000000231000000   1000000000000000 
