  0001000000000000   0100000000000000   0000008898989810   0000000000000001 
  0001000000000001   0000009898989840   5555558855555555   6666668866666666 
  0002000000000000   0100000000777777   0000008898989830   8888000099660100 
  0002000000000100   0000009898989910   2222222222222222   3333333333333333 
  0003000000000000   0100000000000000   0000009898989810   0000000000000100 
  0003000000000100   0000003398989830   0000000000033555   0000000000033666 
  0004000000000000   0100000000777777   0000009898989820   7777777700000001 
  0004000000000001   0000009898989830   5555505050505050   6666606060606060 
  0005000000000000   0070000000000000   0000009898989830   0000000000000000 
  0006000000000000   0100000000000000   0000009998989950   0000000000000001 
  0006000000000001   0000009898989920   5555555555555555   6666666666666666 
  0007000000000000   0100000000777777   0000009998989960   8888000099660100 
  0007000000000100   0000009898989910   2222222222222222   3333333333333333 
