00021701
00003950
00051446
00014246
00002154
00002937
00000063
00027145
00050395
00065274
00000109
00069335
00004697
00064454
00050785
00059490
00085330
00069153
00005949
00043749
00033640
00045009
00047345
00019165
00032896
00053884
00073342
00070765
00077581
00031135
00038192
00003262
00026133
00059277
00025175
00062693
00066112
00055572
00069768
00063207
00037765
00096655
00081488
00054861
00050625
00086799
00079214
00012929
00077984
00075049
00078645
00085900
00045304
00088909
00031095
00081136
00084015
00026494
00014295
00061839
00038937
00058254
00073434
00012620
00042011
00083525
00090391
00094347
00028292
00012564
00060199
00070909
00016256
00057690
00082781
00059363
00012528
00026525
00054410
00021259
00095364
00006075
00074925
00096705
00046705
00065468
00066906
00026157
00094093
00093009
00046123
00073837
00037892
00031044
00025806
00030621
00022577
00076577
00005954
00021112
00005086
00046288
00062108
00017198
00071978
00010761
00067695
00085521
00077182
00052075
00080044
00058227
00040328
00092195
00008975
00053462
00000099
00025790
00011675
00075484
00049440
00095810
00014470
00040681
00000394
00065108
00041114
00051589
00030237
00041487
00025307
00080973
00027112
00065204
00021974
00015995
00077763
00032240
00017653
00093301
00064561
00075047
00071221
00037096
00094947
00073402
00048215
00007539
00053990
00099761
00079269
00095253
00058901
00062720
00004995
00014071
00066208
00096828
00034750
00065532
00084330
00044083
00061875
00081478
00047996
00098793
00050023
00045743
00018291
00009787
00010126
00042957
00010667
00055059
00089370
00042569
00053308
00032557
00073629
00076115
00094586
00022124
00083969
00000978
00025256
00026680
00056196
00070065
00076988
00009229
00080095
00040327
00007130
00001289
00004683
00098241
00088439
00085185
00034751
00079595
00018283
00009011
00044800
00048803
00074514
00050980
00085313
00055342
00082438
00056203
00031994
00073746
00082248
00039544
00006781
00016382
00096095
00025630
00021120
00018169
00018172
00073992
00086034
00032772
00006618
00088674
00086139
00086773
00059065
00042894
00035859
00046795
00019595
00017004
00038097
00030679
00081779
00050197
00063081
00004551
00063255
00008758
00099978
00024741
00099053
00042156
00036264
00053422
00072031
00056478
00096729
00011258
00083307
00038472
00074767
00098286
00095627
00045874
00006257
00067239
00073567
00056306
00042941
00075569
00004575
00000127
00048333
00048082
00037493
00010220
00060552
00032326
00096823
00085725
00087870
00041570
00073336
00005842
00036726
00001411
00091688
00022516
00019248
00016523
00024567
00076332
00029820
00038791
00077201
00045062
00059840
00015362
00096958
00020400
00059520
00060897
00011957
00067333
00046561
00093661
00061078
00063973
00071551
00087726
00010667
00046972
00004230
00004638
00086048
00090460
00078877
00014160
00046301
00064831
00096819
00046702
00054074
00072076
00075909
00041196
00025084
00017152
00081051
00070521
00092819
00059516
00010108
00064228
00002337
00028512
00069594
00099336
00036936
00041902
00054570
00064167
00049325
00040550
00003446
00021361
00016804
00001638
00050403
00097929
00075996
00034282
00076680
00071536
00068471
00018990
00042356
00091569
00052806
00057463
00067075
00006548
00069114
00050622
00086523
00047733
00025862
00043375
00022176
00079120
00030972
00083124
00041198
00069312
00043299
00025467
00051232
00084728
00080590
00002390
00051935
00031096
00083553
00011759
00039960
00051151
00017076
00065170
00072784
00044119
00056483
00003544
00053734
00092058
00011967
00091480
00006627
00093573
00073280
00092479
00066228
00085902
00068140
00016456
00099856
00042806
00047882
00098140
00051731
00026897
00024853
00061584
00016136
00024760
00000295
00096121
00010661
00086296
00034403
00060934
00053748
00032022
00004557
00011693
00045749
00088303
00037503
00010548
00026739
00013488
00050982
00074862
00011307
00099170
00051149
00062532
00008617
00019677
00003604
00030024
00020587
00069220
00052805
00066460
00030244
00096872
00091859
00081354
00003369
00080934
00047586
00009823
00071676
00035304
00082395
00071670
00020465
00004640
00035382
00031138
00053567
00068049
00067430
00008816
00029333
00053834
00028465
00052435
00090585
00021437
00098082
00045250
00027235
00011979
00076831
00073138
00027230
00080271
00029252
00091210
00048891
00045497
00045959
00077900
00070948
00015506
00023226
00034858
00070079
00016000
00068498
00041163
00070866
00042766
00038536
00099696
00093721
00095974
00080134
00065681
00080467
00022873
00096964
00002914
00060721
00044155
00086872
00072109
00088188
00093387
00099087
00074302
00040240
00014998
00022838
00076177
00054759
00067538
00046600
00087641
00068485
00099850
00074092
00097359
00099704
00011167
00022490
00012073
00087171
00052766
00044401
00046940
00091562
00089828
00050975
00021368
00080439
00042770
00091233
00039716
00027681
00076352
00072108
00073149
00012820
00064903
00055382
00034378
00079599
00071753
00030138
00062033
00088726
00076330
00013279
00016679
00056100
00079839
00017253
00012905
00076515
00043894
00099830
00073853
00046758
00092964
00069493
00037096
00080287
00000745
00093458
00085925
00032291
00096623
00003430
00095535
00036483
00070458
00083302
00003733
00005794
00038066
00013471
00071157
00020627
00041487
00039933
00084214
00036432
00057669
00014276
00004490
00068849
00038067
00035747
00029969
00067180
00024693
00066185
00005042
00047066
00094208
00099332
00048327
00048058
00011798
00066597
00036706
00034556
00067292
00055796
00041714
00093929
00079023
00059491
00017987
00073816
00063950
00071530
00026724
00042291
00050362
00009175
00030411
00049177
00010824
00043569
00058462
00049220
00011103
00075053
00015071
00084982
00080043
00067541
00026595
00002377
00086947
00069651
00081754
00098942
00024012
00008197
00000697
00027735
00025660
00016740
00032476
00042093
00036078
00046352
00027348
00045908
00052527
00021934
00094824
00046225
00088119
00021397
00040575
00051218
00025421
00060425
00011299
00089712
00065305
00058468
00048980
00095947
00077332
00054742
00074766
00009128
00033441
00076373
00067989
00004649
00026951
00058862
00068011
00029788
00013128
00033109
00003339
00072835
00089169
00054009
00030557
00063886
00035137
00054788
00084817
00005340
00007477
00092534
00071040
00042684
00055172
00062288
00097680
00045869
00021454
00047913
00005145
00046477
00015827
00080381
00031098
00083434
00002906
00075523
00034081
00020374
00024792
00050559
00039347
00020294
00059124
00062445
00040228
00052615
00047799
00034898
00046768
00004695
00016179
00063869
00088755
00069516
00046423
00094973
00099030
00096019
00035806
00081239
00006662
00009067
00027209
00002009
00071484
00002136
00066865
00006167
00050031
00052360
00088273
00034539
00068589
00065552
00077812
00081727
00015314
00032386
00081820
00017433
00069051
00032860
00016586
00099756
00041257
00070792
00051471
00025103
00017801
00097023
00096282
00035671
00052273
00086747
00019156
00067924
00083501
00014906
00093936
00097554
00035033
00097177
00056561
00028722
00073630
00082725
00055744
00055001
00086979
00036436
00090519
00081999
00007102
00083399
00009356
00057565
00094942
00076894
00029004
00089921
00029509
00058812
00055796
00083489
00089694
00044589
00044608
00032923
00003706
00088350
00025016
00079635
00089222
00063992
00088052
00099963
00083429
00073834
00082554
00058654
00025340
00043806
00070324
00094134
00099229
00070308
00041391
00007461
00057168
00096953
00032065
00068182
00031686
00096499
00039724
00066104
00013012
00052131
00025882
00078697
00003868
00022185
00009142
00096357
00073253
00051163
00046189
00037548
00063557
00024330
00031214
00099494
00048260
00038682
00083005
00035169
00091986
00074373
00033289
00050608
00006280
00047804
00011155
00023492
00016001
00016071
00044826
00082169
00089889
00081569
00005519
00036914
00029309
00040950
00034458
00082995
00038082
00015576
00096056
00002615
00043274
00076528
00061321
00066548
00077497
00039282
00078811
00089166
00092594
00003740
00024618
00063151
00077239
00050635
00011200
00076017
00023202
00029948
00005961
00087351
00091613
00075150
00097138
00040159
00063668
00093151
00008428
00023058
00027497
00080504
00089153
00052902
00029655
00079368
00074253
00089862
00072298
00083242
00012214
00077884
00080300
00019596
00094434
00069320
00007892
00018255
00084491
00036406
00073200
00048460
00080374
00036904
00086466
00058378
00069448
00093654
00050707
00086559
00063269
00040935
00058681
00056952
00041684
00094564
00028737
00093555
00059714
00000619
00073082
00030512
00007724
00091834
00040045
00053344
00071560
00078256
00082073
00053568
00049284
00040322
00040364
00099993
00045932
00052656
00093792
00051454
00068440
00017083
00052309
00059857
00071469
00040442
00032778
00060409
00026563
00068151
00099342
00070251
00090884
00082797
00095527
00059683
00062255
00091723
00092565
00026989
00035105
00057515
00015402
00039075
00080796
00061271
00049247
00084270
00085944
00044551
00068388
00086495
00048419
00076815
00073535
00051277
00002156
00068711
00050123
00017596
00049690
00002472
00019222
00063197
00051722
00014735
00075993
00001327
00034058
00032570
00044383
00037905
00017277
00036840
00010074
00029216
00051906
00058088
00091980
00055650
00030698
00065164
00077037
00090346
00082667
00073314
00079349
00069732
00089961
00097612
00056916
00017942
00045747
00060309
00033904
00072561
00086349
00026602
00025771
00018599
00030654
00020504
00052362
00000168
00067031
00099298
00061449
00047951
00061801
00038070
00067767
00032608
00025567
00056116
00080404
00091380
00063824
00078741
00054132
00087828
00065109
00093317
00009537
00085960
00028530
00075884
00000387
00078282
00050366
00017167
00099123
00029680
00009593
00023226
00021501
00060860
00008858
00081181
00005107
00059417
00056019
00095584
00003854
00022959
00020756
00069748
00049466
00096373
00061016
00072935
00009684
00008528
00044972
00071057
00041840
00040579
00072401
00067580
00082866
00015831
00093447
00038047
00092041
00002606
00090889
00036434
00075585
00062372
00083759
00041368
00040876
00041308
00016302
00052317
00057574
00052780
00012944
00051979
00042507
00013509
00027455
00032764
00054118
00020079
00067332
00008371
00023405
00019975
00093355
00066155
00075476
00046758
00080459
00058647
00073448
00001358
00041221
00054801
00016491
00006475
00029866
00026750
00045080
00010952
00033327
00015064
00076404
00001147
00021662
00099629
00014188
00056305
00099698
00029990
00044472
00055301
00062322
00016446
00060241
00047253
00050925
00019009
00053334
00062270
00022383
00001046
00020454
00076947
00081274
00040885
00080039
00064868
00017729
00044533
00030519
00013810
00016576
00034852
00073788
00059516
00037667
00092650
00094184
00050737
00094074
00006185
00088628
00070590
00092345
00031402
00099820
00028003
00057308
00024715
00023468
00037328
00033850
00026489
00020348
00006573
00029745
00045503
00019613
00030312
00092613
00046111
00032442
00038855
00071836
00039504
00021849
00077172
00030114
00015479
00073453
00083841
00040359
00084802
00028637
00021284
00013132
00082959
00011857
00051869
00033185
00001636
00050901
00057033
00016670
00057137
00018156
00051131
00075967
00046951
00060683
00058450
00074823
00016433
00029690
00005956
00066276
00086864
00091703
00030939
00030618
00074405
00090846
00040056
00012467
00010802
00049906
00035036
00084229
00040941
00010259
00064867
00055409
00078786
00018171
00099348
00010736
00060121
00075149
00083791
00041939
00004317
00084873
00062848
00060019
00004831
00000854
00017652
00056456
00032739
00077616
00028822
00025410
00071713
00099940
00073382
00052401
00081353
00095155
00023228
00047282
00039763
00025050
00019360
00071452
00037463
00069924
00096165
00058310
00086882
00049290
00041581
00030342
00005472
00080069
00058103
00084753
00087560
00015077
00029655
00089684
00013420
00099493
00093655
00012004
00096783
00090880
00073103
00050523
00069425
00086104
00081675
00076709
00063785
00023797
00034083
00001072
00040046
00025322
00065504
00069480
00012331
00099638
00072075
00038894
00000191
00054681
00051206
00017839
00067833
00005651
00064007
00027116
00085519
00073629
00092565
00087668
00072285
00074386
00090382
00062921
00092578
00053732
00033219
00054688
00007115
00046668
00096853
00016388
00045780
00051143
00065629
00085310
00069332
00015451
00066002
00095828
00098729
00004865
00085847
00019856
00093714
00000897
00068974
00075721
00022873
00008409
00085963
00087666
00058657
00028841
00043499
00093853
00012601
00006569
00060822
00009881
00038533
00029299
00060276
00038476
00021305
00036796
00090275
00015847
00044410
00082027
00054959
00002421
00018703
00031094
00029443
00064432
00087940
00038193
00022914
00067441
00099471
00043576
00016310
00074966
00092976
00064580
00049538
00010580
00062638
00050489
00062407
00084073
00058466
00034579
00045671
00097088
00092543
00063518
00005442
00072053
00021724
00057983
00053231
00045730
00009053
00057421
00073806
00009737
00078510
00032483
00090240
00036566
00027922
00015239
00079325
00046355
00014742
00006084
00080009
00097759
00092619
00018723
00080832
00053575
00026862
00021968
00056354
00031868
00050877
00089818
00012322
00049225
00009140
00029112
00043273
00048165
00055173
00046454
00050071
00020454
00020260
00094473
00041448
00096234
00092182
00035451
00062670
00029451
00000224
00087843
00030542
00065570
00017886
00032026
00025980
00050874
00031748
00063729
00019440
00013588
00096993
00041906
00050795
00002797
00006524
00063207
00036485
00009307
00097587
00004876
00034297
00066233
00001902
00025982
00078923
00069081
00089669
00092459
00060538
00049626
00043113
00052374
00079706
00087457
00045627
00065573
00065415
00052084
00006757
00060296
00019576
00046695
00065213
00077745
00084582
00001372
00092374
00001392
00018525
00059864
00049289
00044538
00022289
00079121
00078479
00097955
00033256
00060870
00032920
00046589
00083907
00092666
00054252
00042839
00003536
00022491
00096031
00044355
00013380
00062044
00033236
00098576
00005909
00095581
00023840
00087450
00024218
00027647
00049176
00048061
00094366
00061149
00019153
00024965
00042726
00091287
00025555
00056421
00055108
00064667
00068975
00038160
00061295
00059720
00034947
00065167
00041213
00004512
00002380
00090932
00045234
00023280
00041695
00084395
00037485
00091361
00025407
00016723
00026921
00034874
00015650
00095213
00046097
00047097
00067225
00056714
00095872
00027164
00098844
00007279
00020011
00037551
00084306
00042765
00031586
00076575
00083296
00082914
00060289
00055396
00058082
00058119
00009846
00062376
00053262
00058884
00011279
00058263
00002710
00044314
00041600
00040303
00024943
00007905
00082489
00049365
00067846
00079950
00001399
00076739
00072397
00037144
00087490
00004256
00084558
00048755
00016487
00008732
00002392
00078331
00050983
00012748
00056255
00047125
00085093
00095386
00003852
00032877
00065465
00029667
00050518
00011032
00092839
00091422
00034879
00008783
00060629
00073923
00007669
00006919
00044891
00087712
00032791
00038481
00096609
00004307
00066821
00054663
00087780
00045476
00091857
00057324
00059044
00016290
00081156
00012415
00002565
00088197
00009834
00067770
00082978
00003937
00044786
00057807
00028638
00069418
00041756
00021752
00014144
00098743
00015717
00089402
00062569
00078791
00026297
00044249
00044306
00043525
00016257
00097011
00032643
00017160
00071800
00066227
00074568
00030190
00066601
00045507
00049090
00088045
00054854
00021106
00021549
00008078
00085955
00070740
00023946
00028558
00095888
00006619
00019383
00020585
00045303
00093605
00072296
00080219
00067630
00064774
00093713
00052494
00062071
00082456
00092207
00085475
00045451
00014102
00073686
00050708
00031981
00038646
00071378
00039806
00022623
00061365
00020538
00078185
00022685
00093199
00037179
00029401
00067467
00043222
00027334
00061043
00045808
00047174
00044615
00028645
00065275
00067017
00088479
00039506
00029718
00067849
00015322
00092651
00012716
00053627
00066464
00031263
00074981
00014435
00027877
00051830
00035484
00067169
00061679
00014208
00023404
00093236
00098419
00099319
00053963
00043643
00045161
00072554
00052107
00087397
00018997
00000108
00020574
00031979
00061493
00048938
00067172
00083514
00089488
00079633
00020603
00060643
00099566
00003385
00044445
00030304
00057488
00013836
00024622
00032907
00002071
00096292
00045090
00083676
00058355
00066441
00043889
00040145
00057936
00081220
00055688
00025586
00073755
00075247
00087107
00067772
00022866
00048973
00067942
00019004
00082830
00055161
00002892
00035570
00065792
00044259
00019523
00097467
00040345
00065922
00071999
00012499
00090315
00072786
00053982
00094157
00099774
00012809
00085024
00068394
00049665
00010528
00073684
00082637
00052314
00097288
00049300
00094051
00038141
00071313
00091556
00073847
00020327
00058152
00023020
00080103
00002106
00097341
00045973
00099922
00070958
00042970
00043408
00086784
00062729
00043328
00072160
00009970
00051607
00042462
00094774
00018592
00084087
00095499
00004827
00017040
00090278
00016242
00043990
00037014
00070092
00014993
00059531
00000084
00005315
00046589
00008613
00019401
00053529
00088646
00060238
00096391
00026855
00076247
00043067
00072836
00030860
00077400
00017202
00037935
00015349
00003784
00038065
00019463
00095891
00073611
00001868
00048830
00017166
00089962
00006965
00016524
00087892
00000907
00025970
00029563
00052180
00082163
00091419
00057744
00083913
00044561
00001613
00050850
00075332
00097955
00021351
00072162
00092936
00047007
00035234
00097086
00006019
00045111
00039158
00013617
00092627
00006675
00041086
00077592
00051697
00053596
00083137
00070831
00006456
00016532
00072474
00070195
00097558
00011204
00059974
00027073
00046860
00003369
00085624
00030845
00017473
00058493
00002418
00012279
00072670
00000064
00009863
00019175
00016832
00024393
00094957
00071934
00059219
00055803
00088750
00042075
00020454
00087679
00055631
00041621
00067895
00010598
00096087
00074213
00028697
00089594
00046321
00056326
00012590
00077327
00023325
00094846
00073218
00075872
00078071
00006651
00054157
00025436
00033512
00045186
00070976
00011428
00044136
00058092
00079469
00025635
00014404
00019980
00053721
00076181
00086180
00052273
00075083
00007978
00090534
00046036
00081193
00028527
00047779
00053364
00082356
00061290
00002849
00067520
00075132
00034386
00068082
00031410
00090178
00006111
00018035
00089580
00060989
00060437
00086394
00024618
00022960
00017963
00012869
00071453
00065462
00012239
00014904
00037805
00088726
00097914
00023686
00028684
00048495
00042837
00046780
00067202
00019568
00013235
00002697
00064843
00098145
00098411
00007068
00040367
00063377
00046131
00028905
00067840
00025818
00021724
00011413
00098004
00092963
00082508
00011843
00001660
00055020
00078980
00076303
00013785
00068128
00080570
00093240
00031507
00059154
00091498
00040805
00010596
00062676
00038393
00017511
00037241
00087889
00083796
00074343
00054995
00015981
00083995
00082398
00096863
00055330
00062244
00091901
00023763
00057371
00081163
00006767
00098845
00048961
00090617
00073252
00092331
00042128
00008841
00039959
00082044
00056088
00005122
00061078
00090603
00077277
00038779
00075592
00029503
00019776
00044487
00072215
00086590
00091155
00063613
00097221
00084482
00052209
00062807
00046652
00008194
00020705
00033366
00094646
00006648
00058634
00094083
00081224
00041976
00009790
00007691
00090431
00036662
00042687
00009421
00023784
00065279
00097865
00011652
00030832
00065359
00088166
00099233
00069762
00024793
00020868
00071907
00063917
00005855
00044955
00080347
00087098
00067041
00002484
00084822
00025698
00050753
00055483
00055906
00095258
00015253
00095339
00026774
00082059
00057659
00011496
00018183
00032032
00055255
00087253
00024958
00003477
00084073
00020285
00098923
00085002
00059637
00046130
00053969
00009496
00084610
00039384
00044186
00068981
00088614
00007973
00048078
00050003
00023395
00098576
00034537
00056041
00023623
00065474
00034849
00015307
00035291
00070956
00025149
00096091
00049859
00061012
00013648
00001067
00092040
00004388
00040125
00031351
00021438
00063883
00042917
00071341
00005044
00057373
00058008
00033822
00099394
00030102
00000111
00091051
00041972
00041063
00012000
00002885
00085290
00015764
00083220
00067764
00068145
00040181
00007433
00052877
00047649
00086550
00088847
00089737
00035437
00042730
00089005
00070540
00067577
00043521
00034590
00061965
00060829
00031907
00057569
00078796
00053885
00040064
00040122
00057570
00013831
00007548
00079770
00056883
00074775
00085151
00065479
00099791
00058098
00069965
00096568
00021099
00010928
00048366
00097630
00004838
00059978
00018125
00089620
00093087
00064923
00033832
00022036
00012852
00087227
00029981
00082606
00056517
00028348
00064268
00041935
00067584
00045150
00034298
00000083
00050965
00026340
00026978
00099239
00017537
00024976
00024165
00004674
00015213
00099869
00061221
00094696
00043912
00014153
00097058
00000005
00004643
00074588
00032644
00073106
00057806
00089925
00033537
00036956
00023408
00016381
00041836
00035401
00069762
00015954
00009671
00093624
00086928
00022697
00063822
00088236
00016075
00035298
00089576
00008100
00099584
00007896
00004804
00044013
00087459
00075071
00036846
00050000
00069091
00039343
00037004
00027722
00092949
00035230
00042387
00003772
00099780
00000707
00078695
00042217
00084306
00024786
00020965
00071159
00023201
00089298
00051754
00038669
00075059
00065371
00000596
00027703
00087148
00073797
00062942
00043996
00051259
00020852
00059958
00087159
00082343
00085028
00030393
00033656
00017665
00037202
00049635
00090682
00094005
00080296
00085607
00005235
00041335
00038310
00026411
00030495
00082755
00099839
00057792
00056598
00056248
00009752
00024923
00046208
00034334
00082894
00013546
00063339
00090043
00058550
00074963
00072223
00015513
00033506
00005643
00061584
00008417
00009059
00045336
00088979
00002088
00019794
00057872
00013062
00042989
00085121
00004927
00000377
00093112
00035300
00097699
00039132
00097439
00036072
00058075
00010560
00038037
00016006
00032721
00062540
00072065
00043083
00081751
00096533
00012583
00029204
00053111
00029138
00017018
00083637
00095390
00010612
00006409
00000653
00022687
00071036
00065068
00089669
00043368
00012802
00024609
00045003
00097961
00047100
00017506
00049607
00033155
00058816
00003252
00006284
00023761
00095623
00085358
00057460
00037275
00013261
00052810
00095492
00052496
00086216
00076634
00011931
00038723
00011299
00043912
00000055
00044300
00084893
00023744
00085693
00003534
00059066
00048789
00099192
00028233
00078291
00034740
00022740
00073413
00095495
00001860
00046648
00039520
00090453
00019327
00039773
00084012
00009643
00092921
00097290
00051864
00079705
00015473
00038539
00076700
00096348
00083314
00085126
00057476
00068203
00086117
00097228
00090225
00084964
00030627
00048717
00007702
00072893
00011143
00000038
00090349
00081035
00030535
00017685
00085894
00019686
00095453
00093106
00021286
00070194
00029117
00093242
00010777
00051237
00033379
00035205
00094269
00078017
00069986
00062663
00062457
00028868
00027967
00024294
00007310
00027975
00013420
00084535
00098908
00064462
00052292
00050424
00095439
00024591
00097770
00034504
00054510
00080641
00060170
00032026
00033740
00045922
00044132
00013451
00086822
00082820
00041631
00077375
00047487
00007094
00023096
00042662
00038404
00004842
00013681
00054058
00001056
00046597
00085763
00017041
00086362
00059154
00025663
00027758
00076352
00010027
00058197
00026610
00022908
00037528
00094591
00042423
00044337
00023174
00091948
00073749
00000075
00046875
00004141
00013719
00004816
00039133
00070018
00065922
00051979
00053764
00068131
00046918
00053674
00049010
00062185
00040431
00070685
00097565
00065423
00039780
00063345
00011236
00015545
00097092
00033515
00029052
00053000
00037099
00001053
00019676
00070898
00099779
00031240
00094059
00050060
00046613
00076499
00036711
00052603
00025031
00087435
00064265
00027937
00022038
00023573
00036002
00089603
00044029
00089501
00059146
00074139
00035295
00029079
00072421
00020857
00012579
00018818
00048552
00028693
00008888
00024202
00026813
00071881
00059419
00052277
00075400
00011643
00066264
00070120
00041510
00090341
00082751
00061981
00049170
00045565
00049453
00035304
00067184
00004189
00045570
00028144
00036291
00002096
00079282
00008482
00065308
00027859
00059187
00004802
00014306
00062817
00017646
00061544
00064657
00074402
00080963
00047384
00099889
00071874
00010125
00005003
00092145
00038014
00012985
00079441
00084254
00058814
00042140
00015664
00007777
00095600
00084154
00026236
00043992
00072288
00090045
00006648
00052530
00026448
00093645
00061774
00045099
00071625
00029820
00015656
00075861
00022278
00093686
00064647
00037704
00034145
00088721
00059474
00037675
00094284
00059695
00097476
00073078
00025734
00006721
00073005
00029408
00083607
00001781
00048235
00031712
00002516
00020530
00054660
00044056
00093665
00092762
00005436
00087741
00012692
00094647
00031546
00010469
00084362
00060140
00044768
00097299
00006909
00026383
00067266
00022170
00081641
00020632
00093071
00042546
00017615
00032443
00028443
00008685
00081446
00003715
00080842
00020666
00038333
00097729
00049284
00048308
00051883
00077211
00063947
00039668
00024567
00084927
00029663
00081460
00040448
00083391
00008297
00006626
00011932
00045596
00017666
00001997
00043596
00074145
00009655
00035977
00057917
00073374
00015622
00021015
00077640
00019358
00080112
00018541
00074599
00052460
00082862
00018335
00091887
00091457
00012065
00093108
00001445
00076896
00055849
00074550
00033775
00035206
00048457
00015304
00050977
00039272
00061449
00045280
00056364
00098266
00010823
00038665
00075201
00061977
00070911
00018444
00044176
00054793
00046075
00075352
00016209
00016315
00029671
00050548
00025680
00063389
00057898
00057460
00028984
00012262
00035621
00030665
00018346
00061731
00016691
00036924
00012708
00009654
00052613
00092185
00028657
00047929
00032900
00059465
00041090
00032189
00054149
00095868
00033320
00023322
00009209
00026987
00041099
00074303
00065946
00009451
00008743
00056085
00034812
00019176
00077661
00028461
00035001
00070268
00023491
00033015
00048781
00088754
00005974
00054888
00069381
00097363
00094119
00095777
00025407
00021202
00035009
00073753
00003725
00081017
00030703
00091590
00019949
00040887
00024136
00031851
00050497
00019468
00084715
00062481
00015965
00068292
00028583
00064405
00081331
00065862
00098223
00017715
00064705
00026233
00030229
00089703
00035368
00005090
00089380
00029460
00062093
00036727
00082978
00026046
00086504
00030435
00036719
00065119
00047630
00067337
00088163
00062307
00057906
00060243
00038180
00093835
00045238
00005686
00095560
00075222
00027726
00072553
00022729
00062909
00066237
00067014
00061363
00081999
00057902
00070688
00082411
00089189
00024125
00088781
00019434
00045449
00077379
00044064
00060800
00009017
00019235
00096389
00091404
00056413
00042045
00074524
00078180
00002344
00093586
00021455
00031014
00017606
00084710
00099514
00098997
00061288
00077967
00019854
00022572
00082582
00064258
00069382
00061062
00010381
00082171
00081634
00002665
00040214
00097277
00016534
00092250
00029276
00083153
00056234
00064405
00007266
00055921
00054366
00054908
00052579
00056285
00079146
00047667
00054040
00064945
00055302
00097079
00069897
00082340
00016664
00011229
00058287
00019941
00030775
00073944
00085257
00063962
00018760
00036619
00061506
00049746
00081499
00083648
00041725
00055018
00063848
00025490
00097770
00042727
00006605
00004762
00058056
00090033
00042771
00088163
00019323
00020694
00010612
00026014
00023473
00022305
00096111
00055556
00044688
00003101
00055581
00041274
00060798
00001787
00044139
00045037
00010796
00030188
00083221
00034394
00071334
00018563
00074595
00045316
00012457
00018415
00052554
00089160
00009544
00015423
00098317
00063908
00057873
00025668
00013959
00014599
00084988
00047343
00087660
00048797
00047367
00014102
00060753
00079973
00038570
00081397
00017217
00020870
00046885
00059177
00068818
00064826
00034727
00009715
00019827
00071246
00062289
00014376
00009313
00048171
00050683
00092162
00087102
00065108
00060567
00048065
00080409
00038631
00008025
00066124
00078045
00096467
00089605
00079214
00036062
00056566
00086115
00008961
00068141
00078747
00022854
00094371
00016181
00069483
00007547
00074026
00000880
00064382
00089148
00050992
00008632
00091107
00070353
00082366
00024660
00081390
00034542
00045295
00008221
00038398
00024609
00025879
00042334
00098366
00027262
00000678
00084165
00057432
00021355
00074399
00022096
00076568
00053721
00007153
00085159
00052872
00091119
00076835
00053223
00040157
00091243
00004315
00007632
00090937
00075946
00042215
00093739
00017138
00094833
00024304
00084278
00009293
00026497
00014823
00076186
00035871
00053877
00046671
00009271
00062297
00029502
00025185
00085614
00091310
00013086
00067324
00042927
00003073
00098801
00041398
00067478
00014083
00037210
00045516
00047630
00019612
00026711
00003896
00026661
00033172
00008249
00023918
00066833
00009617
00073610
00034175
00038426
00002908
00087932
00020050
00025021
00075968
00077336
00089378
00099968
00050264
00018336
00018323
00076242
00052150
00075196
00060561
00015785
00028911
00049837
00081559
00063995
00071787
00010300
00077874
00053648
00043643
00033783
00099995
00005361
00016681
00038223
00076244
00093151
00025871
00032766
00031115
00045253
00028487
00041510
00034906
00054617
00070426
00080707
00012800
00072828
00002467
00071965
00066922
00025262
00047851
00033339
00015331
00022789
00078934
00089760
00069929
00026809
00098210
00029889
00058242
00074512
00075659
00032264
00014587
00082118
00059269
00095899
00022009
00093964
00073827
00004704
00096282
00070266
00084668
00046422
00098330
00063170
00061711
00016838
00091621
00045458
00088802
00044367
00095284
00063062
00010965
00075168
00021654
00017145
00014737
00054464
00049005
00056829
00052241
00079776
00031640
00030935
00053565
00025386
00032690
00052699
00065417
00097628
00009660
00033207
00053018
00046516
00047283
00003950
00073654
00048525
00041299
00097444
00042262
00073069
00051840
00082399
00035635
00028309
00046768
00076140
00026482
00069805
00047184
00014642
00096095
00040813
00078699
00078659
00070550
00014475
00006861
00000525
00032472
00081748
00027721
00082470
00064894
00099577
00017205
00021855
00069502
00080340
00061019
00053037
00004591
00025154
00036923
00000876
00002053
00019983
00019163
00065571
00074852
00040033
00061970
00042390
00074415
00091095
00028912
00090521
00070219
00095752
00098841
00042629
00054089
00070183
00068845
00089549
00068662
00086543
00054025
00070439
00052543
00076230
00057955
00043862
00016604
00068495
00038268
00072416
00053976
00029484
00006846
00016322
00038386
00059930
00053600
00021238
00069431
00077302
00008721
00043591
00094192
00073257
00094907
00036230
00028993
00056216
00064411
00079831
00064481
00066089
00099324
00097265
00084164
00089541
00012415
00014985
00089703
00087633
00055329
00098497
00064211
00001075
00023338
00042013
00062728
00042522
00083654
00023858
00057586
00026777
00042470
00040155
00092169
00022682
00043036
00037674
00019368
00053203
00046278
00068739
00082036
00055381
00078589
00017292
00051865
00051276
00090538
00075481
00036763
00050628
00023923
00059461
00081303
00061303
00097191
00000779
00052082
00043555
00074553
00076951
00073815
00077197
00087912
00084645
00044476
00016468
00067267
00092582
00060047
00071164
00070292
00042735
00048620
00069678
00049558
00055310
00081712
00084333
00039022
00076091
00046595
00041762
00023908
00010655
00009377
00016745
00010416
00064660
00098674
00094775
00083410
00087918
00091420
00093622
00049594
00034974
00091194
00092819
00064475
00043313
00035774
00017380
00063612
00076491
00019977
00041005
00057726
00037930
00057234
00063076
00087731
00034592
00044046
00090455
00080638
00044351
00021902
00099536
00004953
00068210
00060526
00045022
00003482
00005276
00005804
00007589
00034701
00060789
00012215
00025625
00009494
00099590
00016491
00037349
00034647
00057426
00008031
00005364
00043191
00069714
00014309
00017814
00056364
00028836
00016551
00006241
00007674
00065917
00056648
00025686
00058252
00009031
00018746
00062954
00046606
00058510
00025391
00064479
00029390
00069828
00078641
00037268
00036123
00043299
00059894
00093769
00026091
00024828
00093217
00022606
00058410
00076007
00009705
00023090
00060126
00002104
00085852
00002897
00012950
00082307
00052736
00000535
00044788
00001838
00015746
00050359
00040189
00035053
00095922
00045069
00060586
00078114
00000989
00064198
00009189
00014729
00052486
00047652
00027494
00067953
00090215
00013488
00059970
00059156
00047603
00068589
00071838
00030196
00039848
00078593
00047963
00021944
00074911
00096722
00063769
00059266
00027790
00086065
00011423
00039338
00094219
00077046
00032714
00068122
00047180
00085757
00076503
00048968
00088587
00086773
00038635
00027591
00063280
00054455
00083645
00004338
00095193
00013068
00073746
00038589
00043989
00055568
00058251
00017499
00054045
00039490
00060146
00080414
00044871
00078425
00088967
00036024
00032525
00005474
00049758
00007794
00046022
00018768
00085067
00022953
00030914
00024008
00068963
00098620
00003427
00035186
00099961
00004013
00097119
00097018
00084991
00076361
00051616
00082550
00003934
00030664
00031436
00040028
00091926
00073152
00045532
00075934
00005610
00009746
00054904
00037132
00064645
00094955
00075364
00051846
00037754
00058796
00040492
00005073
00015549
00039991
00031685
00005952
00095606
00033477
00004961
00016395
00064311
00059726
00037523
00032455
00037508
00093900
00038947
00089814
00010061
00051990
00062251
00057191
00002241
00082233
00000512
00021186
00049102
00022580
00048440
00091174
00011159
00065833
00096742
00008756
00017594
00061747
00070731
00065332
00069462
00071001
00085762
00005628
00095341
00025840
00054143
00068897
00073588
00080703
00097373
00095686
00029572
00011849
00060894
00032536
00059325
00055837
00083501
00080802
00023302
00068859
00094637
00005177
00011351
00066526
00013841
00057626
00018877
00018569
00013734
00074872
00003553
00062807
00009352
00045432
00002384
00051170
00021302
00057162
00067735
00077671
00056620
00024378
00047534
00084306
00042168
00033536
00085750
00010175
00087961
00032201
00075289
00088717
00095156
00009713
00076690
00077014
00042623
00078453
00074729
00085940
00025550
00039871
00085411
00059889
00002643
00036864
00091172
00045099
00064312
00013748
00038180
00089639
00036757
00020050
00011809
00067370
00080672
00084525
00030223
00078945
00052120
00058593
00080052
00099112
00070052
00049894
00085403
00027845
00044242
00019933
00040471
00039133
00054050
00006621
00074146
00087500
00032129
00098096
00047438
00079849
00027782
00017083
00064213
00005790
00049693
00047635
00072504
00033226
00004001
00054628
00077214
00068285
00062980
00013789
00059204
00027414
00030509
00002365
00082192
00039562
00008633
00072517
00048078
00037127
00026204
00003963
00010322
00004540
00075141
00042339
00039458
00082184
00079852
00081440
00053625
00099565
00047455
00015965
00029173
00068645
00069485
00080912
00027537
00063390
00008118
00011127
00070973
00045101
00029604
00074436
00073659
00082145
00074822
00001430
00078028
00041460
00019719
00041931
00078472
00084489
00068673
00009548
00074270
00036909
00057395
00000133
00079711
00014410
00026183
00004643
00056786
00086257
00002300
00022387
00032528
00022776
00061678
00023909
00052164
00042270
00079158
00086566
00042816
00084843
00032812
00088256
00008722
00081053
00035821
00061532
00067858
00090005
00059184
00008974
00037088
00030895
00088844
00021769
00055304
00091763
00078128
00070889
00059647
00079184
00095741
00086867
00061181
00060123
00057640
00026908
00023248
00096734
00059789
00000110
00093188
00058835
00009810
00026368
00017157
00030110
00009293
00092292
00051885
00020842
00097766
00072643
00038551
00029680
00086545
00065277
00018150
00063332
00057238
00065065
00008631
00084091
00087213
00079755
00025939
00019337
00026017
00092688
00066220
00026499
00066966
00054520
00060175
00030423
00030758
00070573
00082085
00070314
00009002
00000394
00055080
00052226
00077366
00017116
00042606
00001031
00082070
00028012
00090421
00039954
00060045
00037477
00022561
00094136
00009953
00075320
00082222
00006013
00018780
00006128
00088539
00043974
00095090
00097433
00076163
00034016
00007988
00059626
00013215
00040531
00006677
00023359
00065353
00072077
00015968
00012440
00057945
00038856
00032794
00016580
00015032
00058472
00040266
00049280
00066539
00027875
00026577
00069640
00024964
00020169
00031260
00079545
00007322
00069482
00098137
00065044
00017518
00003472
00024646
00023761
00005324
00001713
00052287
00017395
00073234
00076653
00023376
00005162
00098109
00020446
00032691
00078240
00038299
00023494
00093687
00030720
00074271
00072852
00047001
00011579
00033887
00049431
00027625
00009625
00030366
00067782
00067850
00096177
00017768
00074378
00033359
00088568
00014062
00036087
00008622
00046229
00070987
00069977
00075361
00006901
00083980
00010109
00040010
00055046
00052390
00041371
00015658
00066416
00020652
00062146
00057238
00086614
00025787
00020149
00011161
00010845
00061690
00066660
00024607
00076719
00064744
00077148
00087370
00078060
00047684
00093771
00039899
00064359
00022155
00095027
00069787
00029139
00000827
00073748
00098182
00053854
00057983
00061700
00031807
00059265
00062317
00010734
00070352
00020815
00084070
00069692
00070366
00082587
00056636
00039577
00030782
00016279
00043357
00012228
00007287
00012071
00085229
00010629
00020818
00031017
00037985
00005078
00023797
00095655
00094943
00025358
00026605
00094881
00082883
00050116
00055053
00098635
00024997
00021761
00005956
00069339
00030300
00046780
00015972
00052872
00053444
00024819
00050773
00003287
00035730
00018822
00047265
00007611
00072952
00039218
00036374
00059000
00086596
00089015
00001747
00043362
00039224
00056496
00059509
00077276
00006996
00017639
00028101
00023181
00096765
00066575
00081495
00087397
00056042
00038161
00021224
00004786
00062499
00092772
00079982
00069816
00044136
00028402
00006318
00091195
00099582
00044636
00099906
00054395
00009236
00088695
00077237
00053161
00088436
00083374
00058783
00029912
00091805
00081871
00033057
00071878
00038906
00020147
00071419
00061228
00069291
00039787
00037501
00079457
00033958
00094563
00005429
00042385
00004431
00081605
00081479
00004589
00027554
00023376
00011466
00077192
00080653
00071718
00060120
00040950
00027288
00064942
00002819
00080349
00046608
00041158
00007421
00042820
00042329
00095942
00010350
00028030
00068222
00050223
00006598
00026335
00041109
00093017
00042278
00069702
00099700
00084068
00024834
00091659
00099828
00052295
00005273
00062892
00000401
00090973
00073748
00005289
00038773
00059732
00096662
00070077
00039556
00084247
00080141
00028628
00062534
00023822
00018327
00066534
00064220
00012307
00061329
00026900
00079801
00079943
00039985
00066569
00093805
00022895
00006096
00011560
00034789
00099236
00040532
00008394
00001939
00058470
00025580
00040997
00066786
00039876
00053543
00007797
00066091
00075598
00075625
00023335
00062319
00018160
00054430
00075719
00074508
00018344
00045093
00006730
00013969
00012535
00017155
00072059
00078979
00056836
00001493
00002511
00096163
00030142
00001933
00052058
00098498
00018406
00080700
00086922
00076864
00067497
00066055
00035414
00049993
00005121
00055972
00045794
00067922
00040663
00004277
00090471
00095191
00069529
00005235
00091760
00052978
00014581
00058256
00065701
00055665
00007128
00021852
00078279
00024215
00083802
00037999
00051593
00026014
00014011
00037636
00016501
00071653
00096881
00044935
00020182
00068354
00025532
00093485
00076205
00051619
00073486
00097848
00037112
00098821
00080104
00097800
00054855
00036101
00041147
00094570
00057271
00018644
00035666
00065097
00070014
00043411
00084652
00061595
00098528
00075995
00090479
00070313
00024201
00003012
00097802
00020504
00022105
00077675
00002396
00092636
00029117
00014689
00092855
00004793
00026535
00066730
00065711
00009382
00006096
00004780
00019724
00092965
00091571
00029670
00076138
00001080
00013641
00076310
00053404
00093611
00082701
00093258
00036325
00047744
00083424
00034079
00016848
00098636
00030634
00010688
00091133
00092867
00046123
00007931
00088818
00051584
00063626
00050473
00055409
00018542
00028799
00051063
00013950
00062984
00050351
00037151
00088490
00044917
00056735
00061074
00087742
00050236
00027744
00000854
00062327
00046917
00036882
00048494
00040752
00055714
00040191
00014858
00081882
00014384
00049309
00004423
00016471
00045698
00075558
00052735
00033230
00091344
00055514
00067751
00033736
00094752
00040604
00074889
00098167
00015687
00083070
00047306
00062004
00089279
00047777
00033876
00036288
00031705
00018535
00048332
00005077
00031257
00072092
00041287
00068446
00056499
00083529
00096131
00086296
00023237
00098402
00005450
00073773
00027750
00096250
00022370
00046779
00038052
00096319
00040075
00099617
00095566
00052704
00071728
00010129
00018710
00083919
00016319
00086878
00059896
00025608
00007283
00077966
00072093
00063695
00072945
00080732
00099135
00003095
00091593
00001387
00041695
00032112
00060931
00067751
00067778
00029447
00026772
00031913
00062780
00015780
00028181
00009914
00043617
00077639
00062065
00074462
00034101
00005118
00024653
00074290
00079741
00088313
00065038
00013859
00010652
00052680
00046168
00084689
00074540
00078265
00076074
00094954
00050892
00046966
00087456
00038962
00079680
00072985
00014715
00038462
00005983
00065660
00013051
00064262
00052024
00067226
00069633
00067470
00017996
00041584
00020381
00012335
00079289
00069885
00032796
00070908
00009469
00057638
00071162
00010335
00074269
00019760
00068254
00048709
00013124
00043117
00096355
00090217
00088663
00021139
00035762
00092431
00049508
00001699
00078776
00062767
00083018
00063821
00080237
00046911
00088543
00095980
00059498
00000868
00021522
00061003
00017737
00046845
00068921
00054445
00053468
00057425
00075888
00088087
00086587
00077628
00068786
00053579
00099812
00044274
00032920
00089569
00097047
00078782
00039001
00016376
00035462
00060414
00046214
00096130
00071137
00079680
00007353
00032645
00042276
00041332
00013181
00074901
00057190
00090136
00010842
00087686
00083740
00091780
00061350
00039726
00050854
00086078
00037214
00017887
00065751
00025945
00097062
00049931
00037856
00025381
00016122
00077215
00067330
00069902
00052795
00097571
00052931
00061333
00070200
00060486
00092855
00051719
00021445
00043811
00047492
00061121
00058015
00030407
00077721
00063059
00040252
00093789
00017229
00074433
00008699
00094090
00097313
00040621
00097291
00051901
00060910
00055434
00083629
00038651
00058326
00091679
00040352
00090822
00035099
00023758
00027679
00035858
00053765
00076436
00045041
00094111
00039200
00030259
00000593
00004922
00018850
00044868
00085488
00079121
00043857
00037842
00072336
00022900
00077861
00048362
00038133
00038611
00044594
00002736
00075567
00064086
00045589
00063754
00017414
00098996
00011195
00034623
00047776
00071864
00030112
00009702
00072509
00029628
00039515
00088914
00027256
00079979
00045284
00086302
00077630
00074583
00029438
00096218
00024877
00095678
00022091
00067080
00068871
00093090
00048551
00044484
00004565
00080995
00040676
00013781
00019094
00006525
00036469
00083044
00096570
00015437
00099597
00044420
00085989
00062649
00059495
00008028
00011051
00092973
00070314
00070532
00090831
00043897
00046392
00040589
00073804
00000407
00084197
00071132
00065947
00030457
00064535
00010134
00045813
00076670
00058127
00020736
00001026
00015434
00082327
00037260
00013457
00022997
00080261
00066188
00051947
00052480
00085692
00060366
00065696
00012344
00062341
00082377
00091179
00024302
00084169
00060945
00043516
00075057
00017149
00090457
00018154
00052998
00094651
00099683
00005261
00083706
00005970
00009939
00098757
00010001
00051742
00094026
00084975
00063996
00046794
00032345
00048418
00019588
00064530
00082856
00074157
00049713
00087883
00030690
00002981
00074082
00060650
00006798
00070075
00083096
00077820
00099425
00060895
00059537
00009710
00036642
00034526
00065317
00033878
00077426
00026288
00080618
00007096
00090066
00096171
00078335
00004549
00007528
00094296
00014466
00086185
00006690
00092635
00042285
00082970
00005156
00049278
00042465
00058613
00024293
00084765
00043897
00034329
00078960
00061779
00020013
00021051
00027712
00006246
00045976
00016766
00045610
00024640
00035267
00016985
00052969
00083301
00024337
00073976
00099191
00000413
00067574
00097988
00015711
00038017
00086351
00061486
00060378
00073211
00088379
00091443
00056036
00076232
00028176
00019709
00066128
00070710
00034330
00080735
00080371
00031687
00059094
00067705
00089519
00038536
00023334
00032287
00025163
00052189
00021835
00098975
00058811
00052633
00034344
00087823
00029993
00059436
00005200
00041728
00027528
00021537
00000583
00019313
00007704
00021706
00034346
00067059
00024623
00096788
00023709
00062674
00056989
00032821
00015764
00059112
00096967
00080634
00054590
00049428
00036061
00054301
00051478
00035580
00063229
00021039
00018418
00051805
00017258
00010459
00080777
00087906
00021279
00088649
00007671
00040079
00049024
00080432
00082998
00088794
00078158
00060265
00013522
00083729
00058931
00098747
00020978
00074186
00085833
