00021701
00003950
00051446
00014246
00002154
00002937
00000063
00027145
00050395
00065274
00000109
00069335
00004697
00000004
00000005  1
00000005  2
00059490
00085330
00069153
00005949
00043749
00033640
00045009
00047345
00019165
00032896
00053884
00073342
00070765
00077581
00031135
00038192
00003262
00026133
00059277
00025175
00062693
00066112
00055572
00069768
00063207
00037765
00096655
00081488
00054861
00050625
00086799
00079214
00012929
00077984
00075049
00078645
00085900
00045304
00088909
00031095
00081136
00084015
00026494
00014295
00061839
00038937
00058254
00073434
00012620
00042011
00083525
00090391
00094347
00028292
00012564
00060199
00070909
00016256
00057690
00082781
00059363
00012528
00026525
00054410
00021259
00095364
00006075
00074925
00096705
00046705
00065468
00066906
00026157
00094093
00093009
00046123
00073837
00037892
00031044
00025806
00030621
00022577
00076577
00005954
00021112
00005086
00046288
00062108
00017198
00071978
00010761
00067695
00085521
00077182
00052075
00080044
00058227
00040328
00092195
00008975
00053462
00000099
00025790
00011675
00075484
00049440
00095810
00014470
00040681
00000394
00065108
00041114
00051589
00030237
00041487
00025307
00080973
00027112
00065204
00021974
00015995
00077763
00032240
00017653
00093301
00064561
0000000300000003     2
0000000300000003     1
