00021701
00003950
00051446
00014246
00002154
00002937
00000063
00027145
00050395
00065274
00000109
00069335
00004697
00064454
00050785
00059490
00085330
00069153
00005949
00043749
00033640
00045009
00047345
00019165
00032896
00053884
00073342
00070765
00077581
00031135
00038192
00003262
00026133
00059277
00025175
00062693
00066112
00055572
00069768
00063207
00037765
00096655
00081488
00054861
00050625
00086799
00079214
00012929
00077984
00075049
00078645
00085900
00045304
00088909
00031095
00081136
00084015
00026494
00014295
00061839
00038937
00058254
00073434
00012620
00042011
00083525
00090391
00094347
00028292
00012564
00060199
00070909
00016256
00057690
00082781
00059363
00012528
00026525
00054410
00021259
00095364
00006075
00074925
00096705
00046705
00065468
00066906
00026157
00094093
00093009
00046123
00073837
00037892
00031044
00025806
00030621
00022577
00076577
00005954
00021112
00005086
00046288
00062108
00017198
00071978
00010761
00067695
00085521
00077182
00052075
00080044
00058227
00040328
00092195
00008975
00053462
00000099
00025790
00011675
00075484
00049440
00095810
00014470
00040681
00000394
00065108
00041114
00051589
00030237
00041487
00025307
00080973
00027112
00065204
00021974
00015995
00077763
00032240
00017653
00093301
00064561
00075047
00071221
00037096
00094947
00073402
00048215
00007539
00053990
00099761
00079269
00095253
00058901
00062720
00004995
00014071
00066208
00096828
00034750
00065532
00084330
00044083
00061875
00081478
00047996
00098793
00050023
00045743
00018291
00009787
00010126
00042957
00010667
00055059
00089370
00042569
00053308
00032557
00073629
00076115
00094586
00022124
00083969
00000978
00025256
00026680
00056196
00070065
00076988
00009229
00080095
00040327
00007130
00001289
00004683
00098241
00088439
00085185
00034751
00079595
00018283
00009011
00044800
00048803
00074514
00050980
00085313
00055342
00082438
00056203
00031994
00073746
00082248
00039544
00006781
00016382
00096095
00025630
00021120
00018169
00018172
00073992
00086034
00032772
00006618
00088674
00086139
00086773
00059065
00042894
00035859
00046795
00019595
00017004
00038097
00030679
00081779
00050197
00063081
00004551
00063255
00008758
00099978
00024741
00099053
00042156
00036264
00053422
00072031
00056478
00096729
00011258
00083307
00038472
00074767
00098286
00095627
00045874
00006257
00067239
00073567
00056306
00042941
00075569
00004575
00000127
00048333
00048082
00037493
00010220
00060552
00032326
00096823
00085725
00087870
00041570
00073336
00005842
00036726
00001411
00091688
00022516
00019248
00016523
00024567
00076332
00029820
00038791
00077201
00045062
00059840
00015362
00096958
00020400
00059520
00060897
00011957
00067333
00046561
00093661
00061078
00063973
00071551
00087726
00010667
00046972
00004230
00004638
00086048
00090460
00078877
00014160
00046301
00064831
00096819
00046702
00054074
00072076
00075909
00041196
00025084
00017152
00081051
00070521
00092819
00059516
00010108
00064228
00002337
00028512
00069594
00099336
00036936
00041902
00054570
00064167
00049325
00040550
00003446
00021361
00016804
00001638
00050403
00097929
00075996
00034282
00076680
00071536
00068471
00018990
00042356
00091569
00052806
00057463
00067075
00006548
00069114
00050622
00086523
00047733
00025862
00043375
00022176
00079120
00030972
00083124
00041198
00069312
00043299
00025467
00051232
00084728
00080590
00002390
00051935
00031096
00083553
00011759
00039960
00051151
00017076
00065170
00072784
00044119
00056483
00003544
00053734
00092058
00011967
00091480
00006627
00093573
00073280
00092479
00066228
00085902
00068140
00016456
00099856
00042806
00047882
00098140
00051731
00026897
00024853
00061584
00016136
00024760
00000295
00096121
00010661
00086296
00034403
00060934
00053748
00032022
00004557
00011693
00045749
00088303
00037503
00010548
00026739
00013488
00050982
00074862
00011307
00099170
00051149
00062532
00008617
00019677
00003604
00030024
00020587
00069220
00052805
00066460
00030244
00096872
00091859
00081354
00003369
00080934
00047586
00009823
00071676
00035304
00082395
00071670
00020465
00004640
00035382
00031138
00053567
00068049
00067430
00008816
00029333
00053834
00028465
00052435
00090585
00021437
00098082
00045250
00027235
00011979
00076831
00073138
00027230
00080271
00029252
00091210
00048891
00045497
00045959
00077900
00070948
00015506
00023226
00034858
00070079
00016000
00068498
00041163
00070866
00042766
00038536
00014998
00022838
00076177
00054759
00067538
00046600
00087641
00072108
00073149
00012820
00064903
