  6600000000000001   1000000221000010   0000000222000010   1000000000000000 
  6600000000000002   1000000222000010   0000000222000020   1000000000000000 
  6600000000000003   1000000222000020   0000000222000030   1000000000000000 
  6600000000000004   1000000222000030   0000000222000040   1000000000000000 
  6600000000000005   1000000222000030   0000000222000050   1000000000000000 
  6600000000000006   1000000222000030   0000000222000060   1000000000000000 
  6600000000000007   1000000222000060   0000000222000070   1000000000000000 
  6600000000000008   1000000222000070   0000000222000080   1000000000000000 
  6600000000000009   1000000222000080   0000000222000090   1000000000000000 
  6600000000000010   1000000222000090   0000000222000100   1000000000000000 
  6600000000000011   1000000222000100   0000000222000110   1000000000000000 
  6600000000000012   1000000222000110   0000000222000120   1000000000000000 
  6600000000000013   1000000222000110   0000000222000130   1000000000000000 
  6600000000000014   1000000222000120   0000000222000140   1000000000000000 
  6600000000000015   1000000222000140   0000000222000150   1000000000000000 
  6600000000000016   1000000222000130   0000000222000150   1000000000000000 
  6600000000000017   1000000222000150   0000000222000160   1000000000000000 
  6600000000000018   1000000222000160   0000000222000170   1000000000000000 
  6600000000000019   1000000222000160   0000000222000180   1000000000000000 
  6600000000000020   1000000222000160   0000000222000190   1000000000000000 
  6600000000000021   1000000222000160   0000000222000200   1000000000000000 
  6600000000000022   1000000222000170   0000000222000210   1000000000000000 
  6600000000000023   1000000222000180   0000000222000220   1000000000000000 
  6600000000000024   1000000222000190   0000000222000220   1000000000000000 
  6600000000000025   1000000222000200   0000000222000230   1000000000000000 
  6600000000000026   1000000222000210   0000000222000240   1000000000000000 
  6600000000000027   1000000222000220   0000000222000240   1000000000000000 
  6600000000000028   1000000222000230   0000000222000240   1000000000000000 
  6600000000000029   1000000222000240   0000000222000250   1000000000000000 
  6600000000000030   1000000222000240   0000000222000260   1000000000000000 
  6600000000000031   1000000222000250   0000000222000270   1000000000000000 
  6600000000000032   1000000222000270   0000000222000280   1000000000000000 
  6600000000000033   1000000222000260   0000000222000280   1000000000000000 
  6600000000000034   1000000222000290   0000000222000280   1000000000000000 
  6600000000000035   1000000222000260   0000000222000290   1000000000000000 
  6600000000000036   1000000222000280   0000000222000300   1000000000000000 
  6600000000000037   1000000221000010   0000000222010010   1000000000000000 
  6600000000000038   1000000222010010   0000000222010020   1000000000000000 
  6600000000000039   1000000222010020   0000000222010030   1000000000000000 
  6600000000000040   1000000222010030   0000000222010040   1000000000000000 
  6600000000000041   1000000222010030   0000000222010050   1000000000000000 
  6600000000000042   1000000222010030   0000000222010060   1000000000000000 
  6600000000000043   1000000222010060   0000000222010070   1000000000000000 
  6600000000000044   1000000222010070   0000000222010080   1000000000000000 
  6600000000000045   1000000222010080   0000000222010090   1000000000000000 
  6600000000000046   1000000222010090   0000000222010100   1000000000000000 
  6600000000000047   1000000222010100   0000000222010110   1000000000000000 
  6600000000000048   1000000222010110   0000000222010120   1000000000000000 
  6600000000000049   1000000222010110   0000000222010130   1000000000000000 
  6600000000000050   1000000222010120   0000000222010140   1000000000000000 
  6600000000000051   1000000222010140   0000000222010150   1000000000000000 
  6600000000000052   1000000222010130   0000000222010150   1000000000000000 
  6600000000000053   1000000222010150   0000000222010160   1000000000000000 
  6600000000000054   1000000222010160   0000000222010170   1000000000000000 
  6600000000000055   1000000222010160   0000000222010180   1000000000000000 
  6600000000000056   1000000222010160   0000000222010190   1000000000000000 
  6600000000000057   1000000222010160   0000000222010200   1000000000000000 
  6600000000000058   1000000222010170   0000000222010210   1000000000000000 
  6600000000000059   1000000222010180   0000000222010220   1000000000000000 
  6600000000000060   1000000222010190   0000000222010220   1000000000000000 
  6600000000000061   1000000222010200   0000000222010230   1000000000000000 
  6600000000000062   1000000222010210   0000000222010240   1000000000000000 
  6600000000000063   1000000222010220   0000000222010240   1000000000000000 
  6600000000000064   1000000222010230   0000000222010240   1000000000000000 
  6600000000000065   1000000222010240   0000000222010250   1000000000000000 
  6600000000000066   1000000222010240   0000000222010260   1000000000000000 
  6600000000000067   1000000222010250   0000000222010270   1000000000000000 
  6600000000000068   1000000222010270   0000000222010280   1000000000000000 
  6600000000000069   1000000222010260   0000000222010280   1000000000000000 
  6600000000000070   1000000222010290   0000000222010280   1000000000000000 
  6600000000000071   1000000222010260   0000000222010290   1000000000000000 
  6600000000000072   1000000222010280   0000000222010300   1000000000000000 
  6600000000000073   1000000222020010   0000000222020020   1000000000000000 
  6600000000000074   1000000222020020   0000000222020030   1000000000000000 
  6600000000000075   1000000222020030   0000000222020040   1000000000000000 
  6600000000000076   1000000222020030   0000000222020050   1000000000000000 
  6600000000000077   1000000222020030   0000000222020060   1000000000000000 
  6600000000000078   1000000222020060   0000000222020070   1000000000000000 
  6600000000000079   1000000222020070   0000000222020080   1000000000000000 
  6600000000000080   1000000222020080   0000000222020090   1000000000000000 
  6600000000000081   1000000222020090   0000000222020100   1000000000000000 
  6600000000000082   1000000222020100   0000000222020110   1000000000000000 
  6600000000000083   1000000222020110   0000000222020120   1000000000000000 
  6600000000000084   1000000222020110   0000000222020130   1000000000000000 
  6600000000000085   1000000222020120   0000000222020140   1000000000000000 
  6600000000000086   1000000222020140   0000000222020150   1000000000000000 
  6600000000000087   1000000222020130   0000000222020150   1000000000000000 
  6600000000000088   1000000222020150   0000000222020160   1000000000000000 
  6600000000000089   1000000222020160   0000000222020170   1000000000000000 
  6600000000000090   1000000222020160   0000000222020180   1000000000000000 
  6600000000000091   1000000222020160   0000000222020190   1000000000000000 
  6600000000000092   1000000222020160   0000000222020200   1000000000000000 
  6600000000000093   1000000222020170   0000000222020210   1000000000000000 
  6600000000000094   1000000222020180   0000000222020220   1000000000000000 
  6600000000000095   1000000222020190   0000000222020220   1000000000000000 
  6600000000000096   1000000222020200   0000000222020230   1000000000000000 
  6600000000000097   1000000222020210   0000000222020240   1000000000000000 
  6600000000000098   1000000222020220   0000000222020240   1000000000000000 
  6600000000000099   1000000222020230   0000000222020240   1000000000000000 
  6600000000000100   1000000222020240   0000000222020250   1000000000000000 
  6600000000000101   1000000222020240   0000000222020260   1000000000000000 
  6600000000000102   1000000222020250   0000000222020270   1000000000000000 
  6600000000000103   1000000222020270   0000000222020280   1000000000000000 
  6600000000000104   1000000222020260   0000000222020280   1000000000000000 
  6600000000000105   1000000222020290   0000000222020280   1000000000000000 
  6600000000000106   1000000222020260   0000000222020290   1000000000000000 
  6600000000000107   1000000222020280   0000000222020300   1000000000000000 
  6600000000000108   1000000222030010   0000000222030020   1000000000000000 
  6600000000000109   1000000222030020   0000000222030030   1000000000000000 
  6600000000000110   1000000222030030   0000000222030040   1000000000000000 
  6600000000000111   1000000222030030   0000000222030050   1000000000000000 
  6600000000000112   1000000222030030   0000000222030060   1000000000000000 
  6600000000000113   1000000222030060   0000000222030070   1000000000000000 
  6600000000000114   1000000222030070   0000000222030080   1000000000000000 
  6600000000000115   1000000222030080   0000000222030090   1000000000000000 
  6600000000000116   1000000222030090   0000000222030100   1000000000000000 
  6600000000000117   1000000222030100   0000000222030110   1000000000000000 
  6600000000000118   1000000222030110   0000000222030120   1000000000000000 
  6600000000000119   1000000222030110   0000000222030130   1000000000000000 
  6600000000000120   1000000222030120   0000000222030140   1000000000000000 
  6600000000000121   1000000222030140   0000000222030150   1000000000000000 
  6600000000000122   1000000222030130   0000000222030150   1000000000000000 
  6600000000000123   1000000222030150   0000000222030160   1000000000000000 
  6600000000000124   1000000222030160   0000000222030170   1000000000000000 
  6600000000000125   1000000222030160   0000000222030180   1000000000000000 
  6600000000000126   1000000222030160   0000000222030190   1000000000000000 
  6600000000000127   1000000222030160   0000000222030200   1000000000000000 
  6600000000000128   1000000222030170   0000000222030210   1000000000000000 
  6600000000000129   1000000222030180   0000000222030220   1000000000000000 
  6600000000000130   1000000222030190   0000000222030220   1000000000000000 
  6600000000000131   1000000222030200   0000000222030230   1000000000000000 
  6600000000000132   1000000222030210   0000000222030240   1000000000000000 
  6600000000000133   1000000222030220   0000000222030240   1000000000000000 
  6600000000000134   1000000222030230   0000000222030240   1000000000000000 
  6600000000000135   1000000222030240   0000000222030250   1000000000000000 
  6600000000000136   1000000222030240   0000000222030260   1000000000000000 
  6600000000000137   1000000222030250   0000000222030270   1000000000000000 
  6600000000000138   1000000222030270   0000000222030280   1000000000000000 
  6600000000000139   1000000222030260   0000000222030280   1000000000000000 
  6600000000000140   1000000222030290   0000000222030280   1000000000000000 
  6600000000000141   1000000222030260   0000000222030290   1000000000000000 
  6600000000000142   1000000222030280   0000000222030300   1000000000000000 
  6600000000000143   1000000222000300   0000000231000000   1000000000000000 
  6600000000000144   1000000222010300   0000000231000000   1000000000000000 
  6600000000000145   1000000222020300   0000000231000000   1000000000000000 
  6600000000000146   1000000222030300   0000000231000000   1000000000000000 
