  0001000000000000   0100000000111111   0000000201000003   2222444455660001 
  0001000000000001   0000000209999990   0104110000000000   0001209999999997 
  0002000000000000   0130000000121111   0000000231000000   3333444455660002 
  0002000000000001   0000000231010000   0000000000000000   0000000000000000 
  0002000000000002   0000000231020000   0000000000000000   0000000000000000 
  0003000000000000   0130000000131111   0000000232000000   3333444455660002 
  0003000000000001   0000000232010000   0000000000000000   0000000000000000 
  0003000000000002   0000000232090000   0000000000000000   0000000000000000 
  0004000000000000   0130000000141111   0000000233000000   3333444455660002 
  0004000000000001   0000000233010000   0000000000000000   0000000000000000 
  0004000000000002   0000000233020000   0000000000000000   0000000000000000 
  0005000000000000   0100000000151111   0000000241000003   2222444455660001 
  0005000000000001   0000000242009990   0104110000000000   0001209999999997 
  0006000000000000   0100000000111112   0000000209999990   0000000000000100 
  0006000000000100   0000000201000000   0000000000033555   0000000000033666 
  0007000000000000   0130000000121112   0000000231010000   3334444455660101 
  0007000000000100   0000000231000000   0000000000000000   0000000000000000 
  0007000000000001   0000000231030000   0000000000000000   0000000000000000 
  0008000000000000   0130000000121113   0000000231020003   3335444455660101 
  0008000000000100   0000000231000000   0000000000000000   0000000000000000 
  0008000000000001   0000000231030000   0000000000000000   0000000000000000 
  0009000000000000   0130000000131112   0000000232010000   3334444455660101 
  0009000000000100   0000000232000000   0000000000000000   0000000000000000 
  0009000000000001   0000000232090000   0000000000000000   0000000000000000 
  0010000000000000   0190000000141112   0000000233010000   3334444455660103 
  0010000000000100   0000000233000000   0000000000000000   0000000000000000 
  0010000000000001   0000000233020000   0000000000000000   0000000000000000 
  0010000000000002   0000000233030000   0000000000000000   0000000000000000 
  0010000000000003   0000000233090000   0000000000000000   0000000000000000 
  0011000000000000   0130000000151113   0000000242009990   0000000000000101 
  0011000000000100   0000000241000000   0000000000033555   0000000000033666 
  0011000000000001   0000000249999990   0000000000033555   0000000000033666 
  0012000000000000   0130000000121114   0000000231030000   3336000000000200 
  0012000000000100   0000000231010000   0000000000000000   0000000000000000 
  0012000000000200   0000000231020000   0000000000000000   0000000000000000 
  0013000000000000   0130000000131113   0000000232090000   3336000000000200 
  0013000000000100   0000000232000000   0000000000000000   0000000000000000 
  0013000000000200   0000000232010000   0000000000000000   0000000000000000 
  0014000000000000   0160000000141013   0000000233020003   3335444455660201 
  0014000000000100   0000000233000000   0000000000000000   0000000000000000 
  0014000000000200   0000000233010000   0000000000000000   0000000000000000 
  0014000000000001   0000000233030000   0000000000000000   0000000000000000 
  0015000000000000   0100000000151113   0000000249999990   0000000000000100 
  0015000000000100   0000000242009990   0000000000033555   0000000000033666 
  0016000000000000   0160000000141014   0000000233030000   3336000000000201 
  0016000000000100   0000000233010000   0000000000000000   0000000000000000 
  0016000000000200   0000000233020000   0000000000000000   0000000000000000 
  0016000000000001   0000000233090000   0000000000000000   0000000000000000 
  0017000000000000   0130000000141015   0000000233090000   3336000000000200 
  0017000000000100   0000000233010000   0000000000000000   0000000000000000 
  0017000000000200   0000000233030000   0000000000000000   0000000000000000 
