  0001000000000000   0130000315000000   0000000221000010   0000000000000002 
  0001000000000001   0001000222000010   0003000000000002   9901111111111111 
  0001000000000002   0000000222010019   0003833333333334   9902500000000000 
  0002000000000000   0130000315000000   0000000222000010   0000000076770101 
  0002000000000100   0001000221000010   0003000000000002   9901111111111111 
  0002000000000001   0000000222000020   0001500000000001   9802777777777779 
  0003000000000000   0130000315000000   0000000222000020   0000000000000101 
  0003000000000100   0001000222000010   0001500000000001   9802777777777779 
  0003000000000001   0000000222000030   0005000000000000   9901111111111111 
  0004000000000000   0190000315000000   0000000222000030   0000000000000103 
  0004000000000100   0001000222000020   0005000000000000   9901111111111111 
  0004000000000001   0000000222000040   0102200000000001   0101344444444445 
  0004000000000002   0000000222000050   0004916666666666   9806250000000000 
  0004000000000003   0000000222000060   0004000000000000   9901111111111111 
  0005000000000000   0100000315000000   0000000222000040   0000000000000100 
  0005000000000100   0001000222000030   0102200000000001   0101344444444445 
  0006000000000000   0100000144073158   0000990222000050   0284000000000100 
  0006000000000100   0001000222000030   0004916666666666   9806250000000000 
  0007000000000000   0130004705000000   0000000222000060   0000000000000101 
  0007000000000100   0001000222000030   0004000000000000   9901111111111111 
  0007000000000001   0000000222000070   0101100000000000   9901111111111111 
  0008000000000000   0130004705000000   0000000222000070   0000000000000101 
  0008000000000100   0001000222000060   0101100000000000   9901111111111111 
  0008000000000001   0000000222000080   0006000000000002   9901111111111111 
  0009000000000000   0130004705000000   0000000222000080   0000000000000101 
  0009000000000100   0001000222000070   0006000000000002   9901111111111111 
  0009000000000001   0000000222000090   0009000000000002   9901111111111111 
  0010000000000000   0130004705000000   0000000222000090   0000000000000101 
  0010000000000100   0001000222000080   0009000000000002   9901111111111111 
  0010000000000001   0000000222000100   0003000000000002   9901111111111111 
  0011000000000000   0130004705062158   0000000222000100   0227000000000101 
  0011000000000100   0001000222000090   0003000000000002   9901111111111111 
  0011000000000001   0000000222000110   0003166666666668   9906944444444443 
  0012000000000000   0160004705000000   0000000222000110   0000000000000102 
  0012000000000100   0001000222000100   0003166666666668   9906944444444443 
  0012000000000001   0000000222000120   0007166666666668   9906944444444443 
  0012000000000002   0000000222000130   0006166666666668   0001361111111111 
  0013000000000000   0130004705000000   0000000222000120   0000000000000101 
  0013000000000100   0001000222000110   0007166666666668   9906944444444443 
  0013000000000001   0000000222000140   0101283333333333   0008027777777775 
  0014000000000000   0130003608000000   0000000222000130   0000000000000101 
  0014000000000100   0001000222000110   0006166666666668   0001361111111111 
  0014000000000001   0000000222000150   0101016666666667   0001361111111111 
  0015000000000000   0130004705000000   0000000222000140   0000000000000101 
  0015000000000100   0001000222000120   0101283333333333   0008027777777775 
  0015000000000001   0000000222000150   0201060000000001   0102844444444445 
  0016000000000000   0160004705000000   0000000222000150   0000000000000201 
  0016000000000100   0001000222000130   0101016666666667   0001361111111111 
  0016000000000200   0000000222000140   0201060000000001   0102844444444445 
  0016000000000001   0000000222000160   0005833333333334   9902500000000000 
  0017000000000000   0220004705000000   0000000222000160   0000000000000104 
  0017000000000100   0001000222000150   0005833333333334   9902500000000000 
  0017000000000001   0000000222000170   0104566666666668   0101877777777777 
  0017000000000002   0000000222000180   0006666666666668   0001000000000000 
  0017000000000003   0000000222000190   0006333333333334   9904444444444445 
  0017000000000004   0000000222000200   0007666666666668   9904444444444445 
  0018000000000000   0130004705000000   0000000222000170   0000000000000101 
  0018000000000100   0001000222000160   0104566666666668   0101877777777777 
  0018000000000001   0000000222000210   0009666666666668   0001000000000000 
  0019000000000000   0130003865000000   0000000222000180   0000000000000101 
  0019000000000100   0001000222000160   0006666666666668   0001000000000000 
  0019000000000001   0000000222000220   0008500000000000   0003361111111109 
  0020000000000000   0130003867000000   0000000222000190   0000000000000101 
  0020000000000100   0001000222000160   0006333333333334   9904444444444445 
  0020000000000001   0000000222000220   0009000000000002   0001000000000000 
  0021000000000000   0130003335000000   0000000222000200   0000000000000101 
  0021000000000100   0001000222000160   0007666666666668   9904444444444445 
  0021000000000001   0000000222000230   0101183333333333   0002250000000000 
  0022000000000000   0130004705000000   0000000222000210   0000000000000101 
  0022000000000100   0001000222000170   0009666666666668   0001000000000000 
  0022000000000001   0000000222000240   0201081666666667   0102669444444445 
  0023000000000000   0160003867000000   0000000222000220   0000000000000201 
  0023000000000100   0001000222000180   0008500000000000   0003361111111109 
  0023000000000200   0000000222000190   0009000000000002   0001000000000000 
  0023000000000001   0000000222000240   0106433333333334   0005444444444443 
  0024000000000000   0130003335000000   0000000222000230   0000000000000101 
  0024000000000100   0001000222000200   0101183333333333   0002250000000000 
  0024000000000001   0000000222000240   0007000000000000   9904444444444445 
  0025000000000000   0220004705000000   0000000222000240   0000000000000302 
  0025000000000100   0001000222000210   0201081666666667   0102669444444445 
  0025000000000200   0000000222000220   0106433333333334   0005444444444443 
  0025000000000300   0000000222000230   0007000000000000   9904444444444445 
  0025000000000001   0000000222000250   0101366666666667   0005444444444443 
  0025000000000002   0000000222000260   0109900000000002   0104900000000001 
  0026000000000000   0130004705000000   0000000222000250   0000000000000101 
  0026000000000100   0001000222000240   0101366666666667   0005444444444443 
  0026000000000001   0000000222000270   0109316666666668   0101225000000001 
  0027000000000000   0160004700000000   0000000222000260   0000000000000102 
  0027000000000100   0001000222000240   0109900000000002   0104900000000001 
  0027000000000001   0000000222000280   0106583333333334   0101469444444445 
  0027000000000002   0000000222000290   0009333333333335   0001777777777777 
  0028000000000000   0130004705000000   0000000222000270   0000000000000101 
  0028000000000100   0001000222000250   0109316666666668   0101225000000001 
  0028000000000001   0000000222000280   0008166666666666   0001361111111111 
  0029000000000000   0190005203000000   0000000222000280   0000000000000301 
  0029000000000100   0001000222000260   0106583333333334   0101469444444445 
  0029000000000200   0000000222000270   0008166666666666   0001361111111111 
  0029000000000300   0000000222000290   0006166666666668   9906944444444443 
  0029000000000001   0000000222000300   0009000000000002   0001000000000000 
  0030000000000000   0130004700000000   0000000222000290   0000000000000101 
  0030000000000100   0001000222000260   0009333333333335   0001777777777777 
  0030000000000001   0000000222000280   0006166666666668   9906944444444443 
  0031000000000000   0130005203000000   0000000222000300   0000000000000101 
  0031000000000100   0001000222000280   0009000000000002   0001000000000000 
  0031000000000001   0000000231000000   0005500000000000   9802777777777779 
  0032000000000000   0130001258000000   0000000222010010   0000000000000101 
  0032000000000100   0001000221000010   0003833333333334   9902500000000000 
  0032000000000001   0000000222010020   0201060000000001   0102844444444445 
  0033000000000000   0130001258000000   0000000222010020   0000000000000101 
  0033000000000100   0001000222010010   0201060000000001   0102844444444445 
  0033000000000001   0000000222010030   0101016666666667   0001361111111111 
  0034000000000000   0190001258000000   0000000222010030   0000000000000103 
  0034000000000100   0001000222010020   0101016666666667   0001361111111111 
  0034000000000001   0000000222010040   0005833333333334   9902500000000000 
  0034000000000002   0000000222010050   0104566666666668   0101877777777777 
  0034000000000003   0000000222010060   0006666666666668   0001000000000000 
  0035000000000000   0100001258000000   0000000222010040   0000000000000100 
  0035000000000100   0001000222010030   0005833333333334   9902500000000000 
  0036000000000000   0100001657000000   0000000222010050   0000000000000100 
  0036000000000100   0001000222010030   0104566666666668   0101877777777777 
  0037000000000000   0130005137000000   0000000222010060   0000000000000101 
  0037000000000100   0001000222010030   0006666666666668   0001000000000000 
  0037000000000001   0000000222010070   0006333333333334   9904444444444445 
  0038000000000000   0130005137000000   0000000222010070   0000000000000101 
  0038000000000100   0001000222010060   0006333333333334   9904444444444445 
  0038000000000001   0000000222010080   0007666666666668   9904444444444445 
  0039000000000000   0130005137000000   0000000222010080   0000000000000101 
  0039000000000100   0001000222010070   0007666666666668   9904444444444445 
  0039000000000001   0000000222010090   0009666666666668   0001000000000000 
  0040000000000000   0130005137083058   0000000222010090   0327000000000101 
  0040000000000100   0001000222010080   0009666666666668   0001000000000000 
  0040000000000001   0000000222010100   0008500000000000   0003361111111109 
  0041000000000000   0130005137000000   0000000222010100   0000000000000101 
  0041000000000100   0001000222010090   0008500000000000   0003361111111109 
  0041000000000001   0000000222010110   0009000000000002   0001000000000000 
  0042000000000000   0160005137000000   0000000222010110   0000000000000102 
  0042000000000100   0001000222010100   0009000000000002   0001000000000000 
  0042000000000001   0000000222010120   0101183333333333   0002250000000000 
  0042000000000002   0000000222010130   0201081666666667   0102669444444445 
  0043000000000000   0130005137000000   0000000222010120   0000000000000101 
  0043000000000100   0001000222010110   0101183333333333   0002250000000000 
  0043000000000001   0000000222010140   0106433333333334   0005444444444443 
  0044000000000000   0130005523000000   0000000222010130   0000000000000101 
  0044000000000100   0001000222010110   0201081666666667   0102669444444445 
  0044000000000001   0000000222010150   0101366666666667   0005444444444443 
  0045000000000000   0130005137092158   0000000222010140   0358000000000101 
  0045000000000100   0001000222010120   0106433333333334   0005444444444443 
  0045000000000001   0000000222010150   0007000000000000   9904444444444445 
  0046000000000000   0160005523000000   0000000222010150   0000000000000201 
  0046000000000100   0001000222010130   0101366666666667   0005444444444443 
  0046000000000200   0000000222010140   0007000000000000   9904444444444445 
  0046000000000001   0000000222010160   0109900000000002   0104900000000001 
  0047000000000000   0220005523000000   0000000222010160   0000000000000104 
  0047000000000100   0001000222010150   0109900000000002   0104900000000001 
  0047000000000001   0000000222010170   0109316666666668   0101225000000001 
  0047000000000002   0000000222010180   0008166666666666   0001361111111111 
  0047000000000003   0000000222010190   0106583333333334   0101469444444445 
  0047000000000004   0000000222010200   0009333333333335   0001777777777777 
  0048000000000000   0130005523000000   0000000222010170   0000000000000101 
  0048000000000100   0001000222010160   0109316666666668   0101225000000001 
  0048000000000001   0000000222010210   0006166666666668   9906944444444443 
  0049000000000000   0130004531000000   0000000222010180   0000000000000101 
  0049000000000100   0001000222010160   0008166666666666   0001361111111111 
  0049000000000001   0000000222010220   0009000000000002   0001000000000000 
  0050000000000000   0130005033000000   0000000222010190   0000000000000101 
  0050000000000100   0001000222010160   0106583333333334   0101469444444445 
  0050000000000001   0000000222010220   0001500000000001   9802777777777779 
  0051000000000000   0130004493000000   0000000222010200   0000000000000101 
  0051000000000100   0001000222010160   0009333333333335   0001777777777777 
  0051000000000001   0000000222010230   0005000000000000   9901111111111111 
  0052000000000000   0130005523000000   0000000222010210   0000000000000101 
  0052000000000100   0001000222010170   0006166666666668   9906944444444443 
  0052000000000001   0000000222010240   0102200000000001   0101344444444445 
  0053000000000000   0160005033000000   0000000222010220   0000000000000201 
  0053000000000100   0001000222010180   0009000000000002   0001000000000000 
  0053000000000200   0000000222010190   0001500000000001   9802777777777779 
  0053000000000001   0000000222010240   0004916666666666   9806250000000000 
  0054000000000000   0130004493000000   0000000222010230   0000000000000101 
  0054000000000100   0001000222010200   0005000000000000   9901111111111111 
  0054000000000001   0000000222010240   0004000000000000   9901111111111111 
  0055000000000000   0220005523000000   0000000222010240   0000000000000302 
  0055000000000100   0001000222010210   0102200000000001   0101344444444445 
  0055000000000200   0000000222010220   0004916666666666   9806250000000000 
  0055000000000300   0000000222010230   0004000000000000   9901111111111111 
  0055000000000001   0000000222010250   0101100000000000   9901111111111111 
  0055000000000002   0000000222010260   0006000000000002   9901111111111111 
  0056000000000000   0130005523000000   0000000222010250   0000000000000101 
  0056000000000100   0001000222010240   0101100000000000   9901111111111111 
  0056000000000001   0000000222010270   0009000000000002   9901111111111111 
  0057000000000000   0160005487000000   0000000222010260   0000000000000102 
  0057000000000100   0001000222010240   0006000000000002   9901111111111111 
  0057000000000001   0000000222010280   0003166666666668   9906944444444443 
  0057000000000002   0000000222010290   0007166666666668   9906944444444443 
  0058000000000000   0130005523000000   0000000222010270   0000000000000101 
  0058000000000100   0001000222010250   0009000000000002   9901111111111111 
  0058000000000001   0000000222010280   0003000000000002   9901111111111111 
  0059000000000000   0190005523000000   0000000222010280   0000000000000301 
  0059000000000100   0001000222010260   0003166666666668   9906944444444443 
  0059000000000200   0000000222010270   0003000000000002   9901111111111111 
  0059000000000300   0000000222010290   0006166666666668   0001361111111111 
  0059000000000001   0000000222010300   0101283333333333   0008027777777775 
  0060000000000000   0130005487000000   0000000222010290   0000000000000101 
  0060000000000100   0001000222010260   0007166666666668   9906944444444443 
  0060000000000001   0000000222010280   0006166666666668   0001361111111111 
  0061000000000000   0130005523000000   0000000222010300   0000000000000101 
  0061000000000100   0001000222010280   0101283333333333   0008027777777775 
  0061000000000001   0000000231000000   0006500000000000   9802777777777779 
  0062000000000000   0100001795000000   0000000222020010   0000000000000001 
  0062000000000001   0001000222020020   0201081666666667   0102669444444445 
  0063000000000000   0130001795000000   0000000222020020   0000000000000101 
  0063000000000100   0001000222020010   0201081666666667   0102669444444445 
  0063000000000001   0000000222020030   0106433333333334   0005444444444443 
  0064000000000000   0190001795102158   0000000222020030   0401000000000103 
  0064000000000100   0001000222020020   0106433333333334   0005444444444443 
  0064000000000001   0000000222020040   0007000000000000   9904444444444445 
  0064000000000002   0000000222020050   0101366666666667   0005444444444443 
  0064000000000003   0000000222020060   0109900000000002   0104900000000001 
  0065000000000000   0100001795000000   0000000222020040   0000000000000100 
  0065000000000100   0001000222020030   0007000000000000   9904444444444445 
  0066000000000000   0100001862000000   0000000222020050   0000000000000100 
  0066000000000100   0001000222020030   0101366666666667   0005444444444443 
  0067000000000000   0130006933000000   0000000222020060   0000000000000101 
  0067000000000100   0001000222020030   0109900000000002   0104900000000001 
  0067000000000001   0000000222020070   0109316666666668   0101225000000001 
  0068000000000000   0130006933000000   0000000222020070   0000000000000101 
  0068000000000100   0001000222020060   0109316666666668   0101225000000001 
  0068000000000001   0000000222020080   0008166666666666   0001361111111111 
  0069000000000000   0130006933000000   0000000222020080   0000000000000101 
  0069000000000100   0001000222020070   0008166666666666   0001361111111111 
  0069000000000001   0000000222020090   0106583333333334   0101469444444445 
  0070000000000000   0130006933000000   0000000222020090   0000000000000101 
  0070000000000100   0001000222020080   0106583333333334   0101469444444445 
  0070000000000001   0000000222020100   0009333333333335   0001777777777777 
  0071000000000000   0130006933000000   0000000222020100   0000000000000101 
  0071000000000100   0001000222020090   0009333333333335   0001777777777777 
  0071000000000001   0000000222020110   0006166666666668   9906944444444443 
  0072000000000000   0160006933000000   0000000222020110   0000000000000102 
  0072000000000100   0001000222020100   0006166666666668   9906944444444443 
  0072000000000001   0000000222020120   0009000000000002   0001000000000000 
  0072000000000002   0000000222020130   0001500000000001   9802777777777779 
  0073000000000000   0130006933000000   0000000222020120   0000000000000101 
  0073000000000100   0001000222020110   0009000000000002   0001000000000000 
  0073000000000001   0000000222020140   0005000000000000   9901111111111111 
  0074000000000000   0130006638000000   0000000222020130   0000000000000101 
  0074000000000100   0001000222020110   0001500000000001   9802777777777779 
  0074000000000001   0000000222020150   0004916666666666   9806250000000000 
  0075000000000000   0130006933000000   0000000222020140   0000000000000101 
  0075000000000100   0001000222020120   0005000000000000   9901111111111111 
  0075000000000001   0000000222020150   0102200000000001   0101344444444445 
  0076000000000000   0160006933000000   0000000222020150   0000000000000201 
  0076000000000100   0001000222020130   0004916666666666   9806250000000000 
  0076000000000200   0000000222020140   0102200000000001   0101344444444445 
  0076000000000001   0000000222020160   0004000000000000   9901111111111111 
  0077000000000000   0220006933000000   0000000222020160   0000000000000104 
  0077000000000100   0001000222020150   0004000000000000   9901111111111111 
  0077000000000001   0000000222020170   0101100000000000   9901111111111111 
  0077000000000002   0000000222020180   0006000000000002   9901111111111111 
  0077000000000003   0000000222020190   0009000000000002   9901111111111111 
  0077000000000004   0000000222020200   0003000000000002   9901111111111111 
  0078000000000000   0130006933000000   0000000222020170   0000000000000101 
  0078000000000100   0001000222020160   0101100000000000   9901111111111111 
  0078000000000001   0000000222020210   0003166666666668   9906944444444443 
  0079000000000000   0130005965000000   0000000222020180   0000000000000101 
  0079000000000100   0001000222020160   0006000000000002   9901111111111111 
  0079000000000001   0000000222020220   0007166666666668   9906944444444443 
  0080000000000000   0130005985000000   0000000222020190   0000000000000101 
  0080000000000100   0001000222020160   0009000000000002   9901111111111111 
  0080000000000001   0000000222020220   0006166666666668   0001361111111111 
  0081000000000000   0130005948000000   0000000222020200   0000000000000101 
  0081000000000100   0001000222020160   0003000000000002   9901111111111111 
  0081000000000001   0000000222020230   0101283333333333   0008027777777775 
  0082000000000000   0130006933000000   0000000222020210   0000000000000101 
  0082000000000100   0001000222020170   0003166666666668   9906944444444443 
  0082000000000001   0000000222020240   0201060000000001   0102844444444445 
  0083000000000000   0160005985000000   0000000222020220   0000000000000201 
  0083000000000100   0001000222020180   0007166666666668   9906944444444443 
  0083000000000200   0000000222020190   0006166666666668   0001361111111111 
  0083000000000001   0000000222020240   0101016666666667   0001361111111111 
  0084000000000000   0130005948000000   0000000222020230   0000000000000101 
  0084000000000100   0001000222020200   0101283333333333   0008027777777775 
  0084000000000001   0000000222020240   0005833333333334   9902500000000000 
  0085000000000000   0220006933000000   0000000222020240   0000000000000302 
  0085000000000100   0001000222020210   0201060000000001   0102844444444445 
  0085000000000200   0000000222020220   0101016666666667   0001361111111111 
  0085000000000300   0000000222020230   0005833333333334   9902500000000000 
  0085000000000001   0000000222020250   0104566666666668   0101877777777777 
  0085000000000002   0000000222020260   0006666666666668   0001000000000000 
  0086000000000000   0130006933000000   0000000222020250   0000000000000101 
  0086000000000100   0001000222020240   0104566666666668   0101877777777777 
  0086000000000001   0000000222020270   0006333333333334   9904444444444445 
  0087000000000000   0160006578000000   0000000222020260   0000000000000102 
  0087000000000100   0001000222020240   0006666666666668   0001000000000000 
  0087000000000001   0000000222020280   0009666666666668   0001000000000000 
  0087000000000002   0000000222020290   0008500000000000   0003361111111109 
  0088000000000000   0130006933000000   0000000222020270   0000000000000101 
  0088000000000100   0001000222020250   0006333333333334   9904444444444445 
  0088000000000001   0000000222020280   0007666666666668   9904444444444445 
  0089000000000000   0190006933000000   0000000222020280   0000000000000301 
  0089000000000100   0001000222020260   0009666666666668   0001000000000000 
  0089000000000200   0000000222020270   0007666666666668   9904444444444445 
  0089000000000300   0000000222020290   0009000000000002   0001000000000000 
  0089000000000001   0000000222020300   0101183333333333   0002250000000000 
  0090000000000000   0130006578000000   0000000222020290   0000000000000101 
  0090000000000100   0001000222020260   0008500000000000   0003361111111109 
  0090000000000001   0000000222020280   0009000000000002   0001000000000000 
  0091000000000000   0130006933000000   0000000222020300   0000000000000101 
  0091000000000100   0001000222020280   0101183333333333   0002250000000000 
  0091000000000001   0000000231000000   0007500000000002   9802777777777779 
  0092000000000000   0100000285000000   0000000222030010   0000000000000001 
  0092000000000001   0001000222030020   0001500000000001   9802777777777779 
  0093000000000000   0130000285000000   0000000222030020   0000000000000101 
  0093000000000100   0001000222030010   0001500000000001   9802777777777779 
  0093000000000001   0000000222030030   0005000000000000   9901111111111111 
  0094000000000000   0190000285000000   0000000222030030   0000000000000103 
  0094000000000100   0001000222030020   0005000000000000   9901111111111111 
  0094000000000001   0000000222030040   0102200000000001   0101344444444445 
  0094000000000002   0000000222030050   0004916666666666   9806250000000000 
  0094000000000003   0000000222030060   0004000000000000   9901111111111111 
  0095000000000000   0100000285000000   0000000222030040   0000000000000100 
  0095000000000100   0001000222030030   0102200000000001   0101344444444445 
  0096000000000000   0100000114000000   0000000222030050   0000000000000100 
  0096000000000100   0001000222030030   0004916666666666   9806250000000000 
  0097000000000000   0130004705000000   0000000222030060   0000000000000101 
  0097000000000100   0001000222030030   0004000000000000   9901111111111111 
  0097000000000001   0000000222030070   0101100000000000   9901111111111111 
  0098000000000000   0130004705000000   0000000222030070   0000000000000101 
  0098000000000100   0001000222030060   0101100000000000   9901111111111111 
  0098000000000001   0000000222030080   0006000000000002   9901111111111111 
  0099000000000000   0130004705000000   0000000222030080   0000000000000101 
  0099000000000100   0001000222030070   0006000000000002   9901111111111111 
  0099000000000001   0000000222030090   0009000000000002   9901111111111111 
  0100000000000000   0130004705000000   0000000222030090   0000000000000101 
  0100000000000100   0001000222030080   0009000000000002   9901111111111111 
  0100000000000001   0000000222030100   0003000000000002   9901111111111111 
  0101000000000000   0130004705000000   0000000222030100   0000000000000101 
  0101000000000100   0001000222030090   0003000000000002   9901111111111111 
  0101000000000001   0000000222030110   0003166666666668   9906944444444443 
  0102000000000000   0160004705000000   0000000222030110   0000000000000102 
  0102000000000100   0001000222030100   0003166666666668   9906944444444443 
  0102000000000001   0000000222030120   0007166666666668   9906944444444443 
  0102000000000002   0000000222030130   0006166666666668   0001361111111111 
  0103000000000000   0130004705000000   0000000222030120   0000000000000101 
  0103000000000100   0001000222030110   0007166666666668   9906944444444443 
  0103000000000001   0000000222030140   0101283333333333   0008027777777775 
  0104000000000000   0130003608043058   0000000222030130   0152000000000101 
  0104000000000100   0001000222030110   0006166666666668   0001361111111111 
  0104000000000001   0000000222030150   0101016666666667   0001361111111111 
  0105000000000000   0130004705000000   0000000222030140   0000000000000101 
  0105000000000100   0001000222030120   0101283333333333   0008027777777775 
  0105000000000001   0000000222030150   0201060000000001   0102844444444445 
  0106000000000000   0160004705000000   0000000222030150   0000000000000201 
  0106000000000100   0001000222030130   0101016666666667   0001361111111111 
  0106000000000200   0000000222030140   0201060000000001   0102844444444445 
  0106000000000001   0000000222030160   0005833333333334   9902500000000000 
  0107000000000000   0220004705000000   0000000222030160   0000000000000104 
  0107000000000100   0001000222030150   0005833333333334   9902500000000000 
  0107000000000001   0000000222030170   0104566666666668   0101877777777777 
  0107000000000002   0000000222030180   0006666666666668   0001000000000000 
  0107000000000003   0000000222030190   0006333333333334   9904444444444445 
  0107000000000004   0000000222030200   0007666666666668   9904444444444445 
  0108000000000000   0130004705000000   0000000222030170   0000000000000101 
  0108000000000100   0001000222030160   0104566666666668   0101877777777777 
  0108000000000001   0000000222030210   0009666666666668   0001000000000000 
  0109000000000000   0130003865000000   0000000222030180   0000000000000101 
  0109000000000100   0001000222030160   0006666666666668   0001000000000000 
  0109000000000001   0000000222030220   0008500000000000   0003361111111109 
  0110000000000000   0130003867000000   0000000222030190   0000000000000101 
  0110000000000100   0001000222030160   0006333333333334   9904444444444445 
  0110000000000001   0000000222030220   0009000000000002   0001000000000000 
  0111000000000000   0130003335000000   0000000222030200   0000000000000101 
  0111000000000100   0001000222030160   0007666666666668   9904444444444445 
  0111000000000001   0000000222030230   0101183333333333   0002250000000000 
  0112000000000000   0130004705000000   0000000222030210   0000000000000101 
  0112000000000100   0001000222030170   0009666666666668   0001000000000000 
  0112000000000001   0000000222030240   0201081666666667   0102669444444445 
  0113000000000000   0160003867052158   0000000222030220   0182000000000201 
  0113000000000100   0001000222030180   0008500000000000   0003361111111109 
  0113000000000200   0000000222030190   0009000000000002   0001000000000000 
  0113000000000001   0000000222030240   0106433333333334   0005444444444443 
  0114000000000000   0130003335000000   0000000222030230   0000000000000101 
  0114000000000100   0001000222030200   0101183333333333   0002250000000000 
  0114000000000001   0000000222030240   0007000000000000   9904444444444445 
  0115000000000000   0220004705000000   0000000222030240   0000000000000302 
  0115000000000100   0001000222030210   0201081666666667   0102669444444445 
  0115000000000200   0000000222030220   0106433333333334   0005444444444443 
  0115000000000300   0000000222030230   0007000000000000   9904444444444445 
  0115000000000001   0000000222030250   0101366666666667   0005444444444443 
  0115000000000002   0000000222030260   0109900000000002   0104900000000001 
  0116000000000000   0130004705000000   0000000222030250   0000000000000101 
  0116000000000100   0001000222030240   0101366666666667   0005444444444443 
  0116000000000001   0000000222030270   0109316666666668   0101225000000001 
  0117000000000000   0160004700000000   0000000222030260   0000000000000102 
  0117000000000100   0001000222030240   0109900000000002   0104900000000001 
  0117000000000001   0000000222030280   0106583333333334   0101469444444445 
  0117000000000002   0000000222030290   0009333333333335   0001777777777777 
  0118000000000000   0130004705000000   0000000222030270   0000000000000101 
  0118000000000100   0001000222030250   0109316666666668   0101225000000001 
  0118000000000001   0000000222030280   0008166666666666   0001361111111111 
  0119000000000000   0190005203000000   0000000222030280   0000000000000301 
  0119000000000100   0001000222030260   0106583333333334   0101469444444445 
  0119000000000200   0000000222030270   0008166666666666   0001361111111111 
  0119000000000300   0000000222030290   0006166666666668   9906944444444443 
  0119000000000001   0000000222030300   0009000000000002   0001000000000000 
  0120000000000000   0130004700000000   0000000222030290   0000000000000101 
  0120000000000100   0001000222030260   0009333333333335   0001777777777777 
  0120000000000001   0000000222030280   0006166666666668   9906944444444443 
  0121000000000000   0130005203000000   0000000222030300   0000000000000101 
  0121000000000100   0001000222030280   0009000000000002   0001000000000000 
  0121000000000001   0000000231000000   0008500000000000   9802777777777779 
  0122000000000000   0190006933000000   0000000231000000   0000000000000400 
  0122000000000100   0001000222000300   0005500000000000   9802777777777779 
  0122000000000200   0000000222010300   0006500000000000   9802777777777779 
  0122000000000300   0000000222020300   0007500000000002   9802777777777779 
  0122000000000400   0000000222030300   0008500000000000   9802777777777779 
