




3902005500000000 0000000000001333                                                                                      
3902006600000000 0000000000001333                                                                                      

3902006600000000                                                                                                       
3903006600000000 0000000000001333                                                                                      

3902005500000000                                                                                                       
3904005500000000 0000000000001333                                                                                      

3904005500000000                                                                                                       
3903006600000000                                                                                                       
3905000000000000 0000000000002666                                                                                      

3905000000000000                                                                                                       
3909000000000000 3906000000000000                                                                                      

3906000000000000                                                                                                       
3907000000000000                                                                                      0000000000001095 

3907000000000000                                                                                                       
3908000000000000 0000000000000401 3908000000000000                                                    0000000000001095 

3908000000000000                                                                                                       
3909000000000000 0000000000001095                                                                                      

3909000000000000                                                                                                       
3910000000000000 0000000000001095                                                                                      

